
     DAILY TOTAL RAIN   ( IN M.M )
     islamabad a/p 2009         Trs means trace
                JAN      FEB      MAR      APR      MAY      JUN     JULY      AUG      SEP      OCT      NOV      DEC

      DATE  -------- -------- -------- -------- -------- -------- -------- -------- -------- -------- -------- --------
         1      0.0      0.0      0.0      0.0      0.0      TRS      0.0      1.0      TRS      0.0      0.0      TRS
         2      0.0      0.0      0.0     13.0      0.0      TRS      1.0      1.0      6.0      0.0      0.0      0.0
         3      0.0      TRS      TRS      0.0      1.0      0.0      TRS      0.0     18.0      0.0      0.0      0.0
         4     15.0      TRS      1.0      0.0     30.0      0.0      0.0      0.0      0.0      1.0      0.0      0.0
         5      1.0      5.0      TRS      0.0      8.0      TRS      TRS      TRS      0.0      TRS      0.0      2.0
         6      0.0     12.0      0.0     10.0      2.0      7.0      0.0      8.0      0.0      0.0      0.0      0.0
         7      TRS      0.0      TRS     28.0      0.0      2.0      0.0     16.0      0.0      0.0      0.0      0.0
         8      0.0      0.0      0.0     12.0      0.0      0.0      0.0      0.0      0.0      0.0      TRS      0.0
         9      TRS      0.0      0.0     13.0      0.0      TRS      TRS      0.0      0.0      0.0     18.0      0.0
        10      TRS      TRS      0.0      TRS      1.0      0.0      0.0     14.0      TRS      0.0      0.0      TRS
        11      0.0      1.0      0.0      0.0      0.0      0.0      0.0      0.0      0.0      0.0      0.0      TRS
        12      0.0      0.0      0.0      0.0      0.0      TRS      0.0      TRS      1.0      0.0      0.0      0.0
        13      0.0      TRS      0.0      0.0      0.0      0.0      1.0      0.0      0.0      0.0      0.0      TRS
        14      TRS     31.0      0.0      0.0      0.0      3.0      0.0      0.0      0.0      0.0      0.0      0.0
        15      0.0      0.0      0.0     11.0      0.0      2.0      0.0      0.0      0.0      0.0      0.0      TRS
        16      TRS      0.0      0.0      TRS      0.0      TRS      0.0     82.0     23.0      0.0      0.0      0.0
        17      6.0      0.0      0.0      0.0      0.0      TRS      0.0     17.0      0.0      TRS      0.0      0.0
        18      1.0      0.0      0.0      0.0      TRS      0.0      0.0     16.0      0.0      0.0      0.0      0.0
        19     11.0      0.0      0.0      0.0      TRS      0.0      9.0      1.0      0.0      TRS      0.0      0.0
        20      0.0      4.0      0.0      0.0      2.0      0.0      0.0      0.0      0.0      0.0      0.0      0.0
        21      0.0      2.0      1.0      0.0      TRS      0.0      0.0      0.0      0.0      0.0      0.0      TRS
        22      0.0      0.0      0.0      2.0      0.0      0.0      1.0      TRS      TRS      0.0      0.0      0.0
        23      0.0      TRS      TRS      0.0      0.0      0.0      9.0      0.0      0.0      0.0      0.0      0.0
        24      0.0      3.0      TRS      0.0      0.0      0.0      TRS      0.0      0.0      0.0      0.0      0.0
        25      TRS      TRS     39.0      0.0      0.0      0.0      0.0      0.0      0.0      0.0      1.0      0.0
        26      1.0      0.0      3.0      0.0      0.0      0.0      0.0     11.0      0.0      0.0      0.0      0.0
        27      9.0      0.0      TRS      0.0      0.0      0.0      0.0     10.0      0.0      0.0      0.0      0.0
        28      3.0      0.0      TRS      0.0      0.0      0.0     31.0      0.0      0.0      0.0      TRS      0.0
        29      0.0               6.0      TRS      0.0      0.0      6.0      0.0      0.0      TRS      0.0      0.0
        30      0.0               TRS      0.0      0.0      TRS      TRS      0.0      0.0      0.0      0.0      0.0
        31      0.0               0.0               0.0               TRS      0.0               0.0               0.0
