FREE
COL
ISLAMABAD PH3 1
1988 1 1 0 1 31 12 1 0
       31     29     31     30     31     30     31     31     30     31     30     31
      0.0    0.0    0.0    0.0    0.0    0.0    0.0   66.8    0.0    0.0    0.0    0.0
      0.0    0.0    0.0   -1.0    1.8    0.0    0.0    0.0    0.0    0.0    0.0    0.0
      0.0    0.0    0.0   -1.0    0.0    0.0    0.0   49.5    0.0    0.0    0.0    0.0
      0.0    0.0    0.0    0.0    0.0   -1.0   18.5    0.0    0.0   29.2    0.0    0.0
      0.0    0.0    0.0   -1.0    0.0   -1.0   33.1    0.0    0.0    0.0    0.0    0.0
     -1.0    0.0    0.0    0.0    0.0    0.0   16.5    0.0    0.0    0.0    0.0    0.0
      0.0    0.0   14.2    0.0    0.0   -1.0   17.0    0.0    0.0    0.0    0.0    0.0
      0.0    3.8    4.6    0.0    0.0    1.3    0.0   -1.0    0.0    0.0    0.0    0.0
      0.0    0.0   -1.0    0.0    0.0    2.0    0.0   66.0   12.0    2.0    0.0    0.0
      0.0    0.0    6.9    0.0    0.0    0.0    0.0    8.1    0.0    0.0    0.0    0.0
      0.0    0.0   63.5    0.0    0.0    0.0   29.9    0.0    0.0    0.0    0.0    0.0
      0.0    0.0   42.1    0.0    0.0    0.0   -1.0   -1.0    0.0    0.0    0.0    0.0
      0.0    0.0    4.3    0.0    0.0    0.0   40.9    1.5    0.0    0.0    0.0    0.0
      0.0    0.0   -1.0    0.0    0.0    0.0   50.4   20.3    0.0    0.0    0.0    0.0
      0.0    0.0    0.0    0.0    0.0    0.0   65.2   40.7    0.0    0.0    0.0    0.0
      0.0    0.0    4.8    0.0    0.0   -1.0   28.7    0.0   37.0    0.0    0.0    0.0
      0.0    0.0    0.0    0.0    0.0    0.0   13.7    0.0    0.0    0.0    0.0   -1.0
      0.0    0.0    0.0    2.3    0.0    4.6    0.0    0.0    5.1   -1.0    0.0   -1.0
      0.0    0.0   -1.0   -1.0    0.0    0.0   -1.0   26.4    0.0    0.0    0.0   14.9
      0.0   -1.0    0.0    0.0    0.0    0.0    1.3   -1.0    0.0    0.0    0.0   11.2
     -1.0    7.0    0.0    0.0    0.0    0.0   62.2    2.0    0.0    0.0    0.0    0.0
     13.2    0.0    0.0    0.0    0.0    4.8   -1.0   -1.0   25.3    0.0    0.0    4.9
      0.0    0.0    0.0    0.0    0.0   14.0    1.8   -1.0    0.0    0.0    0.0   41.4
      0.0    0.0    0.0    4.6    0.0    0.0   26.4    0.0    0.0    0.0    0.0   -1.0
      0.0    0.0    0.0    0.0   -1.0    0.0    1.3   -1.0   46.7    0.0    0.0    0.0
      0.0    0.0   12.9    0.0    0.0    0.0    0.0   -1.0    0.0    0.0    0.0    0.0
      0.0   -1.0   -1.0    0.0    0.0    0.0    1.0    0.8    0.0    0.0    0.0    0.0
      1.8   12.4    0.0    0.0    6.8    1.3    0.0    0.0    0.0    0.0    0.0    0.0
      2.1    0.0    0.0    0.0    0.0   61.6   -1.0    0.0    0.0    0.0    0.0    0.0
      0.0    0.0    0.0    0.0    0.0    8.1   -1.0    0.0    0.0    0.0    0.0    0.0
     -1.0    0.0    0.0    0.0    0.0    0.0   42.5    0.0    0.0    0.0    0.0    0.0

