FREE
COL
ISLAMABAD PH3 1
1985 1 1 0 1 31 12 1 0
      31     28     31     30     31     30     31     31     30     31     30     31
    -1.0    0.0    0.0    0.0   10.0    0.0   24.7    3.8    0.0    0.0    0.0    0.0
     0.0    0.0    0.0    0.0    0.0    0.0    0.0   -1.0    0.0    0.0    4.1    0.0
     0.0    0.0    0.0   -1.0    0.0    0.0    0.0    0.0    0.0    0.0    0.0    0.0
     0.0   -1.0    0.0   -1.0    0.0    0.0    0.0   -1.0    0.0    0.0    0.0    0.0
    10.1    4.5    0.0    0.0    0.0    0.0    0.0   -1.0   37.3   10.2    0.0    0.0
    -1.0    0.0    0.0    9.8    0.0    0.0    0.0   -1.0    7.6    2.5    0.0    0.0
     0.0    0.0    0.0    0.0    0.0    0.0    0.0   25.5    0.0    9.7    0.0    0.0
     0.0    0.0    0.0   11.0   -1.0    0.0   86.0    3.0    0.0    0.0    0.0   21.3
     0.0    0.0    0.0   21.6    4.1    0.0   15.0    0.0    0.0    8.9    0.0    0.0
     0.0    0.0    0.0   -1.0   10.2    0.0    0.0    0.0    0.0    6.4    6.6    0.0
     0.0    0.0    0.0    0.0    2.5    0.0    0.0    0.0    0.0    0.0    0.0    0.0
     0.0    0.0    0.0    0.0    0.0    0.0    0.0   12.9    0.0    0.0    0.0    2.9
     0.0    0.0    0.0   -1.0   -1.0    5.1   58.6    0.0    0.0    0.0    0.0    1.6
     0.0    0.0    0.0    5.0    0.0    0.0  153.1    0.0   -1.0    0.0    0.0    0.0
     0.0    0.0    0.0    0.0    0.0    0.0   15.2    8.6   11.4   -1.0    0.0   -1.0
     0.0    0.0   -1.0    0.0    0.0    0.0   -1.0    0.0   -1.0    0.0    0.0    9.7
     0.0    0.0    0.0    0.0    0.0    0.0   -1.0    0.0    0.0    0.0    0.0    0.0
     1.0    0.0   21.1    0.0    0.0    0.0    2.0    0.0    0.0    0.0    0.0    0.0
     5.6    0.0    0.0    0.0    0.0    0.0    0.0    9.4   -1.0    0.0    0.0    0.0
     0.0    0.0    0.0    0.0    0.0   -1.0   -1.0   -1.0   -1.0    0.0    0.0    0.0
     4.0    0.0    0.0    0.0    0.0    0.0    0.0    0.0    0.0    0.0    0.0    0.0
     0.0    0.0    0.0    0.0    0.0    0.0    2.8    0.0    0.0    0.0   -1.0    0.0
     0.0    0.0    0.0    0.0    0.0    0.0    0.0   57.4    0.0    0.0    0.0    0.0
     0.0    0.0   -1.0    0.0    0.0   -1.0    0.0   15.5    7.0    0.0    0.0    0.0
     0.0    0.0    0.0   -1.0    3.6    0.0   52.6   84.3   -1.0    0.0    0.0    3.7
    33.3    0.0    2.8    0.0    0.0    0.0    9.3    0.0    0.0    0.0    0.0   28.1
    -1.0    0.0    1.8    0.0    0.0    0.0    0.0   -1.0    0.0    0.0    0.0   49.5
     0.0    0.0    3.3    0.0    0.0    0.0    0.0    0.0    0.0    0.0    0.0    0.0
     0.0    0.0    0.0    0.0    0.0    3.0   -1.0    0.0    0.0    0.0   -1.0    0.0
     0.0    0.0   18.0   -1.0    0.0    0.0   17.5    0.0    0.0    0.0    0.0    0.0
     0.0    0.0    0.0    0.0    0.0    0.0   19.8    0.0    0.0    0.0    0.0    0.0
