  DAILY TOTAL RAIN
  ISLAMABAD AIRPOR 1996
              JAN      FEB      MAR      APR      MAY      JUN     JULY      AUG      SEP      OCT      NOV      DEC

      DATE  -------- -------- -------- -------- -------- -------- -------- -------- -------- -------- -------- --------
         1      0.0      0.0      0.0      0.0      0.0      0.0      0.0     71.0      0.0      0.0      0.0      0.0
         2      0.0      0.0      1.0      0.0      0.0      0.0      0.0     -1.0      0.0      0.0      0.0      0.0
         3      0.0      0.0      3.0      0.0      7.0      0.0      0.0      0.0      3.0     43.0      0.0      6.0
         4      0.0      0.0      0.0      3.0     -1.0      0.0      0.0      1.0      1.0      5.0      0.0      0.0
         5      0.0      0.0      0.0      7.0      2.0      0.0      1.5     -1.0      0.0      0.0      0.0      0.0
         6      0.0      0.0     -1.0      5.0      0.0      0.0     20.0     18.0      4.0      0.0      0.0      0.0
         7      0.0      0.0     -1.0     -1.0      0.0      0.0      0.0      2.0     10.5      0.0      0.0      0.0
         8      0.0      0.0      0.0      9.0      0.0      0.0      0.0     42.0      2.5      0.0      0.0      0.0
         9      0.0     22.4      0.0      0.0      0.0      0.0      0.0      2.0     -1.0      0.0      0.0      0.0
        10     -1.0     11.5      0.0      0.0      0.0      0.0      0.0      1.5      0.0      0.0      0.0      0.0
        11      0.0      0.0     -1.0      0.0      5.0      0.0      0.0     30.0      0.0      0.0      0.0      0.0
        12     -1.0      0.0     14.8     -1.0      0.0      0.0     17.0      0.0      0.0     -1.0      0.0      0.0
        13      0.0      0.0      0.0     -1.0      0.0     14.0     -1.0     -1.0      0.0      0.0      0.0      0.0
        14     -1.0      6.0      0.0      0.0     -1.0     -1.0      0.0     -1.0      0.0      0.0      0.0      0.0
        15     52.5     39.0     32.0      0.0      0.0      0.0      0.0      4.8      6.0      0.0      0.0      0.0
        16      9.0      0.0      9.0      0.0     -1.0     68.0     13.0     98.0      0.0      0.0      0.0      0.0
        17      0.0      0.0      9.0      0.0      0.0      0.0      0.0      1.8      0.0      0.0      0.0      0.0
        18      0.0      0.0     18.5      0.0      0.0      2.0      0.0      0.0     31.0     -1.0      0.0      0.0
        19      0.0      0.0     29.0      0.0      0.0      2.0      0.0     40.0      0.0     12.0      0.0      0.0
        20      0.0      0.0      0.0      0.0      0.0     -1.0     -1.0      0.0      0.0      0.0      3.0      0.0
        21      0.0      0.0      3.8      0.0      3.0     -1.0     18.5      0.0      0.0     -1.0      0.0      0.0
        22      3.0      0.0      0.0     -1.0     14.0      3.0      0.0     10.0     14.0      0.0      0.0      0.0
        23     17.0      0.0      0.0      7.2     -1.0     -1.0      9.0      0.0      0.0      0.0      0.0      0.0
        24      0.0     42.0      0.0      0.0      0.0      0.0      0.0      0.0      0.0      0.0      0.0      0.0
        25      0.0      0.0      0.0      0.0      1.0      1.0      0.0      0.0      0.0      0.0      0.0      0.0
        26      0.0      1.0      0.0      0.0      0.0     11.0      0.0      0.0      0.0      0.0      0.0      0.0
        27      0.0      0.0      0.0      0.0      0.0      0.0      0.0      0.0      0.0      0.0      0.0      0.0
        28      0.0      0.0      3.0     -1.0      0.0      2.2     -1.0      0.0      0.0      0.0      0.0      0.0
        29      0.0     -1.0      7.0     -1.0      0.0     20.0    163.0      0.0      0.0      0.0      0.0      0.0
        30      0.0              -1.0     16.0      0.0     22.0     38.5      7.0      0.0      0.0      0.0      0.0
        31      0.0               0.0               0.0              18.0      0.0               0.0               0.0
