  DAILY TOTAL RAIN
  ISLAMABAD AIRPOR 1995
              JAN      FEB      MAR      APR      MAY      JUN     JULY      AUG      SEP      OCT      NOV      DEC

       DATE  -------- -------- -------- -------- -------- -------- -------- -------- -------- -------- -------- --------
         1      0.0      0.0      0.0     10.0      0.0      0.0      0.0      0.0     24.0      0.0      0.0      0.0
         2      0.0      0.0      0.0      0.0      0.0     -1.0      0.0    119.0      0.0      0.0      0.0      0.0
         3      0.0      0.0      0.0      0.0      0.0      0.0      0.0      5.0      0.0     15.8      0.0      0.0
         4      0.0      0.0      0.0     -1.0      0.0      0.0     -1.0      1.0      0.0      0.0      0.0      0.0
         5      0.0      0.0      0.0      0.0      0.0      0.0     -1.0      2.0      0.0      0.0      0.0      0.0
         6      0.0      0.0      0.0      0.0      0.0      0.0     43.5      0.0      0.0      0.0      0.0      0.0
         7      0.0      0.0      0.0      0.0      0.0      0.0     36.0      1.0      0.0      0.0      0.0     -1.0
         8      0.0     -1.0     -1.0      0.0      0.0      0.0     22.2     42.0      0.0      0.0      0.0      4.0
         9      3.0      0.0      1.5     11.0      0.0      0.0     47.2      0.0      0.0      0.0      0.0      8.0
        10     26.0      2.5      0.0     38.0      0.0      0.0      0.0      0.0      0.0      0.0      0.0      0.0
        11      0.0     -1.0      0.0      0.0     -1.0      0.0     47.4     -1.0      0.0      0.0      0.0      9.0
        12      0.0     18.4      0.0     26.4     -1.0      0.0     15.5      0.0      8.0      0.0      0.0      0.0
        13      0.0      0.0      0.0      0.0      0.0      0.0     13.5      0.0      0.0      0.0      0.0      0.0
        14      0.0      8.0      0.0      0.0      0.0      0.0     22.0      8.0      0.0      0.0      0.0      0.0
        15      0.0     29.0      0.0      8.0      0.0      0.0     13.0      0.0      0.0     26.8      0.0     -1.0
        16      0.0      0.0      0.0      5.8      0.0      0.0      0.0     -1.0      0.0     15.0      0.0     13.0
        17      0.0      0.0      0.0      2.0      0.0      0.0      0.0      8.0      0.0     -1.0      0.0      0.0
        18      0.0     19.9      0.0     -1.0      0.0      0.0      0.0     -1.0      0.0      0.0      0.0      0.0
        19      0.0      0.0      0.0      5.0      2.0      0.0     32.0      4.0      0.0      4.0      0.0      0.0
        20      0.0      0.0     -1.0     -1.0      4.0     16.0      8.0     -1.0      0.0      0.0      0.0      0.0
        21      0.0      0.0      0.0      0.0      1.0      2.5     46.0     63.0      0.0      0.0      0.0      1.0
        22      0.0      0.0     -1.0      1.2      2.0      2.0     -1.0      0.0      0.0      3.0      0.0      0.0
        23      0.0      0.0      2.5     -1.0     -1.0      0.0     12.0      2.6      0.0      0.0      0.0      0.0
        24      0.0      0.0      5.6     -1.0      0.0      0.0     -1.0      0.0     -1.0      0.0      0.0      0.0
        25      0.0      0.0     13.4     -1.0      6.0      0.0     93.6     15.0      0.0      0.0      0.0      0.0
        26      0.0      0.0     14.8     -1.0      2.2      0.0     34.5     -1.0      0.0      0.0      0.0      0.0
        27      2.5     15.0      0.0      0.0      0.0      0.0     21.0     34.0      0.0      0.0      0.0      0.0
        28      0.0      7.0     46.5      0.0      0.0      0.0     86.5      0.0      0.0      0.0      1.6      0.0
        29      0.0              20.0     -1.0      0.0      0.0    149.4     19.2      7.8      0.0     18.4      0.0
        30      0.0               0.0      0.0      0.0      0.0      0.0      8.0      0.0      0.0      0.0      0.0
        31      0.0               0.0               0.0               0.0      0.0               0.0               0.0
