FREE
COL
ISLAMABAD PH3 1
1982 1 1 0 1 31 12 1 0
       31     28     31     30     31     30     31     31     30     31     30     31
      0.0    0.0   18.2    0.0    0.0    0.0    2.5   -1.0    0.0    0.0    0.0    3.8
      0.0    0.0   22.0    0.0    0.0    0.0    0.0    1.8    0.0    0.0    0.0    2.6
      0.0   -1.0    3.2    0.0    0.0    0.0    0.0    0.0    0.0    0.0    0.0    0.0
      0.0    4.8    0.0    0.0    0.0    0.0    0.0    0.0    0.0    0.0   -1.0    0.0
     11.1    0.0   18.0    0.0    0.0    0.0   -1.0    5.6    0.0    0.0    0.0    0.0
      0.0    0.0   13.2   -1.0    0.0    0.0    0.0   88.9    0.0   -1.0    0.0    0.0
      0.0   -1.0    1.3    5.3    4.1    0.0   -1.0   90.5    0.0    0.0    0.0    0.0
      0.0    3.0    0.0    0.0   29.0    0.0   -1.0   21.6    2.0    0.0    0.0   -1.0
      0.0    0.0    4.0    0.0    6.9    0.0    0.0   27.2    0.0    0.0    0.0   12.0
      5.2   -1.0   24.7    0.0   31.7    0.0   -1.0  181.3    0.0    0.0    0.0    4.6
      0.0   25.6    8.4    0.0    0.0    0.0    0.0  114.8    0.0    0.0    0.0    0.0
      0.0   -1.0    0.0    0.0    0.0    0.0    0.0    0.0    0.0   21.6    0.0   -1.0
      0.0    1.0    0.0    0.0    0.0    0.0    1.5    0.0    0.0    0.0    0.0    0.0
      0.0    0.0    0.0    0.0    0.0    0.0    0.0    0.0    0.0    0.0    0.0    0.0
      0.0    0.0    0.0    0.0    0.3    2.0    0.0    0.0    0.0    0.0    0.0    0.0
      0.0   -1.0   -1.0   45.0    0.0   -1.0    0.0   10.2    0.0    0.0   79.7    0.0
      0.0    0.0   12.7   55.9    0.0    0.0   -1.0   14.7    0.0    0.0    0.0    0.0
      0.0   -1.0    0.0   20.4    0.0   10.6    0.0    0.0    0.0    0.0    3.3    0.0
      0.0    1.5    0.0   -1.0    4.0    0.0    0.0   18.0   10.7    0.0    0.0    0.0
      0.0   38.9    0.0    0.0    0.0    0.0   -1.0   21.6    0.0    0.0    0.0    0.0
      0.0   -1.0    2.0    0.0    0.0    0.0   -1.0    0.0   29.0    0.0    0.0    0.0
     40.8    0.0    8.6   -1.0    0.0    0.0   -1.0    0.0    0.0    0.0    0.0   -1.0
      3.8    0.0    0.0    0.0    0.0    0.0    0.0   14.2    0.0    0.0    0.0    0.0
      0.0    0.0   13.2    0.0   13.0    0.0   24.1   18.0    0.0    0.0    0.0    0.0
      0.0    0.0   36.9    2.5    0.0    6.3    8.1    0.0    0.0    0.0    0.0    0.0
      2.8    0.0    0.0   -1.0    0.0    0.0   21.3    0.0    0.0   -1.0    0.0    0.0
      0.0    0.0    0.0    8.9    0.0    0.0   20.3    0.0    0.0   -1.0    0.0    0.0
      0.0   12.5    0.0   24.9    0.0    0.0    0.0    0.0    0.0    4.1    0.0   -1.0
      0.0    0.0    0.0   28.1    0.0    0.0   81.3    0.0    0.0    0.0    0.0    1.3
      0.0    0.0    0.0    0.0    4.8    0.0    0.0   13.0    0.0    0.0    0.0    0.0
     10.7    0.0    0.0    0.0    7.9    0.0    0.0    0.0    0.0    0.0    0.0    0.0

