FREE
COL
ISLAMABAD PH3 1
1981 1 1 0 1 31 12 1 0
      31     28     31     30     31     30     31     31     30     31     30     31
     0.0    0.0   34.3    0.0    0.0    1.0    0.0    0.0    0.0    0.0    0.0    0.0
     0.0    0.0    0.0    0.0    0.0   -1.0    0.0    0.0    0.0    0.0    0.0    0.0
     5.3   -1.0    0.0    1.3    0.0    1.0    0.0    0.0   -1.0    0.0    0.0    0.0
    12.6    5.5    0.0    0.0    0.0    0.0    4.3    0.0    0.0    0.0    0.0    0.0
    28.4   41.8    0.0    0.0   65.5    0.0   37.0  107.3    0.0    0.0    0.0    0.0
     0.0    1.0    9.1    0.0    6.3    0.0   -1.0   12.7    0.0    0.0    0.0    0.0
     0.0    0.0   21.8    0.0    0.0    0.0    0.0   26.9    0.0    0.0    0.0    0.0
     0.0    0.0    0.0    0.0    0.0    0.0    0.0   -1.0    0.0    0.0    0.0    0.0
     0.0    0.0    0.0    0.0    0.0    6.1   35.6    3.2    0.0    0.0    0.0    0.0
     0.0    0.0   -1.0    0.0   20.0    1.4    0.0    8.9    0.0    0.0    0.0    0.0
     0.0    0.0    3.8    0.0    0.0    0.0    0.0   -1.0    0.0    0.0    0.0    0.0
     0.0    0.0    0.0    0.0    0.0    0.0    0.0   -1.0    0.0    0.0    5.0    0.0
     0.0   -1.0    0.0    0.0   -1.0    0.0    0.0    0.0    0.0    0.0    0.0    0.0
     0.0   12.2    4.5    0.0   -1.0    0.0  123.8   20.3    0.0    0.0    0.0    0.0
     0.0    0.0   18.0    0.0    0.0    0.0   -1.0   -1.0    0.0   -1.0    0.0    0.0
     0.0    0.0    4.1    0.0    0.0    0.0   -1.0   53.3    0.0    0.0    0.0    0.0
     0.0    0.0    0.0    0.0    0.0    0.0    0.0    0.0    0.0    0.0    0.0    0.0
     0.0    0.0    0.0    0.0    0.0    0.0   57.9    0.0   12.0    0.0    0.0    0.0
     0.0    0.0    0.0    0.0    0.0    0.0   -1.0    0.0   -1.0   -1.0    0.0    0.0
     0.0    0.0    1.3   41.7    0.0    0.0   -1.0    0.0    0.0    3.0    0.0    0.0
     0.0    0.0   41.7   32.5    0.0    0.0    0.0   62.0    0.0    0.0    0.0    0.0
     0.0    0.0   37.9    0.0    0.0    0.0   19.0   15.7    0.0    0.0    0.0    0.0
     8.4    0.0    0.0    0.0    0.0    0.0    3.0    2.0    0.0    0.0    0.0    0.0
    32.6    0.0    0.0    0.0    0.0    0.0   44.4    0.0    0.0    0.0    0.0    0.0
    44.1   10.1    0.0    0.0    0.0    9.9  118.4    0.0    0.0    0.0   -1.0    0.0
     3.0    0.0    0.0    0.0    0.0    0.0   -1.0    0.0    0.0    0.0    0.0    0.0
    -1.0   -1.0    0.0    0.0    0.0    0.0    0.0   23.4    0.0    0.0    0.0    0.0
    18.4    2.8    0.0   -1.0    0.0    0.0    3.0    1.3    0.0   -1.0    0.0    0.0
    -1.0    0.0   18.3    0.0    0.0    0.0   46.7    1.3    0.0    0.0    0.0    0.0
     0.0    0.0   29.2    0.0   -1.0    0.0   30.0    0.0    0.0    0.0    0.0    0.0
     0.0    0.0   -1.0    0.0   17.8    0.0   57.1    0.0    0.0    0.0    0.0    0.0

