
  DAILY TOTAL RAIN
  ISLAMABAD AIRPOR 1997
              JAN      FEB      MAR      APR      MAY      JUN     JULY      AUG      SEP      OCT      NOV      DEC

       DATE    -------- -------- -------- -------- -------- -------- -------- -------- -------- -------- -------- --------
         1      0.0      0.0      0.0      6.0      0.0      0.0      0.0      1.0      0.0      0.0      0.0      0.0
         2      0.0     10.0      2.6     31.2      0.0      0.0      0.0      0.0      0.0      0.0      0.0      0.0
         3      0.0      6.8      0.0     18.3     -1.0      0.0      0.0     17.4      3.0      0.0      0.0      0.0
         4      0.0      0.0      0.0     29.3      5.6     13.4      2.0      0.0      0.0     31.0      0.0      0.0
         5      0.0      0.0      0.0     -1.0      2.2      0.0      0.0      0.0      0.0      0.0      0.0      0.0
         6      0.0      0.0      0.0      0.0      0.0      0.0      0.0      0.0     30.0      0.0      0.0      0.0
         7      0.0      0.0     -1.0      0.0      9.0      0.0      0.0      0.0     -1.0      2.0      0.0     -1.0
         8      0.0      0.0      1.5     -1.0     12.0      0.0      0.0      0.0     56.0      6.0      0.0     17.2
         9      0.0      0.0     -1.0      1.0      2.0     10.0      0.0     -1.0      3.0      0.0      2.0     -1.0
        10      0.0      0.0      0.0      0.0      0.0     -1.0     21.0     -1.0      5.0      0.0      9.0      0.0
        11      0.0      3.5     -1.0      0.0      0.0      0.0     16.2      0.0      0.0     30.0      0.0      0.0
        12      0.0      0.0      0.0      8.0      6.3      8.0      0.0     51.0     14.0      0.0      0.0     -1.0
        13      0.0      0.0      0.0     -1.0      9.0      0.0      0.0     64.0     20.0      0.0      0.0     -1.0
        14      0.0      0.0      0.0     29.5     -1.0      0.0     -1.0     -1.0      0.0      0.0      0.0      0.0
        15      0.0      0.0      2.4     10.0     -1.0      0.0     28.0      0.0      0.0     -1.0      0.0      0.0
        16      0.0      0.0      4.0      2.0      0.0      0.0      2.6      0.0      0.0      0.0      0.0     -1.0
        17      0.0      0.0      0.0      8.0      0.0      0.0     -1.0      0.0      4.0      1.0      0.0      0.0
        18     -1.0      0.0      2.0      0.0      0.0      0.0      0.0      0.0      0.0     -1.0      0.0      0.0
        19     13.0      0.0     32.0     -1.0      0.0      0.0      0.0      0.0      0.0      0.0      0.0      0.0
        20     10.5      0.0      0.0      0.0      0.0     -1.0     13.0      0.0      0.0     10.4      0.0      0.0
        21     11.5      0.0      0.0      0.0      0.0      0.0     -1.0     -1.0     10.0      2.2      0.0      0.0
        22     -1.0      0.0      0.0      0.0      0.0      0.0     45.0     28.0     -1.0      6.0      0.0      0.0
        23      0.0      0.0      0.0      0.0      0.0      3.0      1.0     14.0      0.0     -1.0      0.0     -1.0
        24      0.0      0.0      0.0      0.0      0.0      0.0      0.0      0.0      0.0      0.0      0.0      0.0
        25      0.0     -1.0      0.0      0.0      0.0      0.0      0.0      0.0      0.0      0.0     -1.0      0.0
        26      0.0      0.0      0.0      0.0     -1.0      0.0      0.0      0.0      0.0      0.0      4.4      0.0
        27      4.0      0.0      0.0     16.9      0.0     10.5      2.0    200.0      4.0      0.0      7.0      0.0
        28     -1.0      0.0     10.0     -1.0      0.0      3.4     12.0    121.0      0.0      0.0      0.0      0.0
        29      0.0              29.8      1.0      0.0     16.4     37.0      0.0      9.0      0.0      0.0      2.6
        30      0.0               0.0     11.0     -1.0      0.0      3.0      0.0     -1.0      7.2      0.0     -1.0
        31      0.0               0.0              -1.0              12.0      0.0               0.0               0.0
