FREE
COL
ISLAMABAD PH3 1
1987 1 1 0 1 31 12 1 0
       31     28     31     30     31     30     31     31     30     31     30     31
      0.0    0.0    0.0    0.0    2.8    0.0    0.0    0.0    0.0    0.0    0.0    0.0
      0.0    0.0    0.0    2.3   -1.0    0.0    0.0    0.0    0.0   -1.0    0.0    7.0
      0.0    0.0    0.0   23.9   -1.0   13.0    0.0    0.0    0.0    9.4    0.0    0.0
      0.0    0.0    0.0    4.8    0.0   -1.0    0.0    0.0    0.0    0.0    0.0    0.0
      0.5    0.0    0.0    0.0    0.0    0.0    0.0    0.0    0.0    0.0    0.0    0.0
     -1.0    0.0   16.3    0.0    0.0    0.0   -1.0    0.0    0.0    0.0    0.0    0.0
      0.0    0.0   -1.0    0.0   -1.0    0.0    0.0    0.0    0.0    0.0    0.0    0.0
      0.0    6.8   -1.0   -1.0   49.9    0.0    2.3    0.0    0.0    0.0    0.0    0.0
     -1.0   15.5    0.0   14.0   16.2    5.4    0.0   -1.0    0.0    0.0    0.0    0.0
      0.0    0.0    0.0    5.6   19.1    1.3    0.0    0.0    1.3    0.0    0.0    0.0
      0.0    0.0    0.0    0.0    0.0    0.0    0.0    0.0    0.0   26.4    0.0    0.0
      0.0    0.0    0.0    0.0    0.0    0.0   21.3   20.0    0.0   33.5    0.0    0.0
     -1.0    0.0   12.0    0.0   -1.0    0.0   -1.0   56.9    0.0   -1.0    0.0    0.0
      0.0    0.0    0.0    0.0    0.0    0.0    0.0   -1.0    0.0    0.0    0.0    0.0
      0.0    0.0    1.8    0.0    0.0   -1.0    0.0   -1.0    0.0    0.0    0.0    0.0
      0.0    4.3    9.1    0.0    0.0    2.3    0.5    0.0    0.0    0.0    0.0    0.0
      0.0    4.1   -1.0   -1.0    0.0    0.0    0.0    0.0    0.0   -1.0    0.0    0.0
      0.0   10.4    0.0    0.0    0.0    0.0    5.1   73.7    0.0    5.1    0.0    0.0
      0.0    0.0   -1.0    0.0    0.0    0.0    0.0   -1.0    0.0    0.0    0.0    0.0
      0.0    0.0    5.5    0.0   -1.0    0.0    0.0    0.0    0.0    0.0    0.0    0.0
      0.0    0.0   12.4    0.0   -1.0    5.1    0.0    2.0    0.0    0.0    0.0    0.0
      0.0    0.0    2.5    0.0   -1.0    0.0    0.0   11.0    0.0    0.0    0.0    0.0
      0.0    0.0    6.0    1.3   11.0    0.0    0.0    3.3    0.0    0.0    0.0    0.0
      0.0   36.3    0.0   -1.0    0.0    0.0   -1.0   24.6    0.0    0.0    0.0    0.0
      0.0   56.4    0.0    0.0    0.0    0.0   -1.0   18.8    0.0    0.0    0.0    0.0
      0.0    0.0    7.1    0.0    0.0    0.0   23.2    0.0    0.0    0.0    0.0    0.0
      0.0    0.0    0.0    0.0    0.0    0.0   -1.0    1.3    0.0    0.0    0.0    0.0
      0.0    0.0    0.0    0.0    0.0    0.0    0.0   27.2   -1.0    0.0    0.0    0.0
      0.0    0.0    0.0    0.0    0.0    0.0    0.0   22.1    0.0    0.0    0.0    0.0
      0.0    0.0    0.0   -1.0    0.0    0.0    0.0    0.0    0.0    0.0    0.0    0.0
      0.0    0.0    0.0    0.0   -1.0    0.0   11.0    3.6    0.0    0.0    0.0   -1.0

