FREE
COL
ISLAMABAD PH3 1
1980 1 1 0 1 31 12 1 0
      31     29     31     30     31     30     31     31     30     31     30     31
    55.8    0.0    0.0    0.0    0.0    0.0    0.0    0.0    3.3    0.0   -1.0    0.0
     6.1    0.0   -1.0    0.0    0.0   -1.0    0.0    0.0   17.5    0.0   -1.0    0.0
     0.0   26.9   -1.0   13.8    0.0    0.0   14.0   -1.0    0.0    0.0    0.0    0.0
     0.0    2.5   -1.0    0.0    0.0    0.0    9.1   -1.0    0.0    0.0    2.0    0.0
     0.0    5.0    1.8    0.0    0.0    0.0   11.5    0.0    6.1    0.0    2.0    0.0
     0.0    0.0   19.6    0.0    0.0    0.0   51.1   -1.0    0.0    0.0    0.0    0.0
     0.0    0.0   -1.0    0.0    0.0    0.0   -1.0   -1.0    0.0    0.0    0.0    0.0
     0.0    0.0    0.0    0.0   -1.0    0.0    0.0   15.0   -1.0    0.0    0.0    0.0
     0.0    0.0    8.1    0.0    0.0    0.0   31.9   25.4   -1.0    0.0    0.0    0.0
     0.0    0.0   -1.0    0.0    0.0    0.0   -1.0    0.0   13.0   36.6    0.0    0.0
     0.0    0.0   -1.0   -1.0    0.0    0.0    0.0    0.0    5.3   -1.0    0.0    0.0
     0.0    0.0    5.8   -1.0   -1.0    0.0   12.0    0.0    0.0    0.0    0.0    0.0
     0.0    0.0    0.0    1.8    0.0   31.0    6.9   34.0    0.0    0.0    0.0    0.0
     0.0    3.0    0.0    0.0   19.0    0.0    0.0    0.0   -1.0    0.0    0.0    0.0
     0.0    4.8    1.8    0.0   -1.0    0.0   11.0    0.0    0.0    0.0    0.0    0.0
     4.9   17.0   -1.0    0.0    0.0    0.5   39.1    0.0   24.0    0.0    0.0    0.0
     0.0    0.0    0.0    0.0    0.0    0.0   50.6   27.4   17.0    0.0    0.0    0.0
     0.0    0.0    6.8    0.0    0.0    0.0    4.3    0.0    0.0    0.0    0.0    0.0
    18.2    0.0    1.5   -1.0    0.0    0.0    7.4    0.0    0.0    0.0    0.0    0.0
     0.0    7.6    0.0    0.0    0.0    0.0    0.0    0.0    0.0    0.0    0.0    0.0
     0.0    0.8    3.8   -1.0    0.0    3.3    0.0    0.0    0.0    0.0    0.0    0.0
     0.0    0.5   60.0    0.0   -1.0    0.0    0.0    0.0    0.0    0.0    0.0    0.0
     0.0    0.0    0.0   -1.0    0.0    0.0    0.0    0.0    0.0    0.0    0.0    2.5
     0.0    0.0    4.1    0.0    0.0   -1.0    0.0    0.0    0.0    0.0    0.0    6.0
    -1.0    0.0    0.0    0.0    0.0   33.6    0.0   28.2   -1.0    0.0    0.0    5.1
     4.8    0.0    0.0    0.0    0.0    8.0   59.9   -1.0    0.0    0.0    0.0    2.4
     3.0    1.3    0.0   -1.0    0.0    3.6   -1.0   41.9    0.0    0.0   10.6    0.0
     0.0   24.0   -1.0    0.0    0.0    0.0    1.0   17.8    0.0    0.0   -1.0    0.0
     0.0    0.0    8.9    0.0    0.0    0.0    0.0    0.0    0.0    0.0    0.0    0.0
     0.0    0.0    3.6    0.0    4.6    0.0   -1.0    0.0    0.0    7.0    0.0    0.0
     0.0    0.0    0.0    0.0    0.0    0.0    0.0    0.0    0.0   25.2    0.0    0.0
