  DAILY RAIN
  ISLAMABAD AIRPORT 2001


              JAN      FEB      MAR      APR      MAY      JUN     JULY      AUG      SEP      OCT      NOV      DEC

      DATE    -------- -------- -------- -------- -------- -------- -------- -------- -------- -------- -------- --------
         1     -1.0      0.0     -1.0     -1.0     -1.0      0.0     63.0      0.0      0.0      0.0      0.0      0.0
         2      0.0      0.0      0.0      0.0      1.0      0.0     14.0      0.0     -1.0      0.0      1.0      0.0
         3      0.0      0.0      0.0      0.0      0.0     21.0      3.0      0.0      0.0      0.0      6.0      0.0
         4      0.0      0.0      0.0      6.0      0.0      0.0      0.0     11.0      0.0     14.0     -1.0     -1.0
         5      0.0      0.0      0.0      0.0      0.0      6.0      0.0      0.0      0.0      0.0      0.0      0.0
         6      0.0      0.0      0.0      0.0      0.0      0.0      0.0      0.0      0.0      0.0      0.0      0.0
         7      0.0      0.0      0.0      0.0      0.0      1.0     68.0      1.0      0.0      0.0      0.0      0.0
         8      0.0      0.0      0.0      0.0      2.0      0.0     40.0     31.0     -1.0      0.0      0.0      0.0
         9      0.0      0.0      0.0      0.0      0.0      0.0     -1.0      8.0      0.0      0.0      0.0      0.0
        10      0.0      0.0      0.0      0.0      0.0     -1.0     -1.0     -1.0      0.0      0.0      0.0      0.0
        11      0.0      0.0      0.0      0.0      0.0      0.0     89.0      1.0      0.0      0.0      0.0     -1.0
        12      0.0      0.0      0.0      0.0      0.0      0.0     11.0      0.0      3.0     19.0      0.0     -1.0
        13      0.0      0.0      4.0      2.0      0.0      0.0      0.0      0.0      0.0      0.0      0.0      0.0
        14      0.0      0.0     -1.0     -1.0      2.0     32.0     -1.0      0.0     41.0      0.0      0.0     -1.0
        15      0.0      0.0      0.0      0.0      0.0     30.0      2.0     81.0      0.0      0.0      0.0      0.0
        16      0.0      0.0      0.0     13.5      0.0     -1.0     53.0      2.0      0.0      0.0      0.0      0.0
        17      0.0     -1.0      0.0      0.0      0.0     24.0     10.0      0.0      0.0      0.0      0.0      0.0
        18      0.0      0.0      0.0      2.7      0.0      0.0      0.0      0.0      0.0      0.0      0.0      0.0
        19      0.0      0.0     -1.0     -1.0      0.0      0.0      0.0      0.0      0.0      0.0      0.0      2.0
        20      0.0      0.0      1.0     -1.0      6.0      0.0      0.0      2.0     -1.0      0.0      0.0      0.0
        21      0.0      2.0      0.0      0.0      1.0      0.0      0.0      0.0      0.0      0.0      0.0      0.0
        22      0.0      0.0      0.0      0.0      0.0     -1.0      0.0      4.0      0.0      0.0      0.0      0.0
        23     -1.0      1.0      0.0      0.0      0.0      2.0     -1.0     65.0      0.0      0.0      0.0      0.0
        24      0.0      1.0      0.0      0.0     -1.0     17.0    200.0      0.0      0.0      0.0      0.0      0.0
        25      0.0      0.0      0.0     -1.0      0.0      0.0     19.0      0.0      0.0      0.0      0.0      0.0
        26      0.0      0.0      0.0      0.0      0.0     -1.0      0.0     -1.0      0.0      0.0      0.0      0.0
        27      0.0      0.0      0.0      0.0      0.0     20.0      0.0      0.0      0.0      0.0      0.0      0.0
        28      0.0      0.0      3.0     -1.0      0.0      0.0     38.0      0.0      0.0      0.0      0.0      0.0
        29      0.0              28.0      0.0      4.5      0.0     36.0      0.0      0.0      0.0      0.0      0.0
        30      0.0               2.0      0.0      0.0      0.0      0.0      0.0      0.0      0.0      0.0      0.0
        31      0.0               2.0               0.0               0.0      1.0               0.0               0.0
