FREE
COL
ISLAMABAD PH3 1
1983 1 1 0 1 31 12 1 0
      31     28     31     30     31     30     31     31     30     31     30     31
     1.5    0.0    5.4    0.0   -1.0   -1.0   14.0    0.0    6.4   -1.0    0.0    0.0
     0.0    0.0   13.2    0.0    0.0    3.3   54.8   47.4   86.1    0.0    0.0    0.0
     0.0    0.0    0.0   -1.0    0.0    0.0   -1.0   -1.0    3.6   17.8    0.0    0.0
     0.0    0.0    0.0    6.3   -1.0    0.0    5.1    2.0    0.0    0.0    0.0    0.0
     0.0    0.0    0.0    1.8   -1.0    0.0    8.1  152.2    0.0    0.0    0.0    0.0
     0.0    0.0    0.0    0.0    0.0    0.0    1.0    5.1    0.0    0.0    2.5    0.0
     2.5    0.0   -1.0    0.0    0.0    0.0    0.0   -1.0    0.0    0.0    0.0    0.0
     0.0    0.0    1.3   23.8    0.0   10.2   -1.0    1.3   -1.0    0.0    0.0    0.0
     0.0    0.0   -1.0    2.8    0.0    0.0    0.0    0.0    0.0    0.0    0.0    0.0
    -1.0    0.0    0.0    0.8    1.3    5.0    1.0   33.0    0.4    0.0    0.0    0.0
     0.0    0.0    2.8   16.7    2.8   -1.0   -1.0   33.1   21.9    0.0    0.0    0.0
     0.0    0.0    0.0   19.6    6.6    0.0    5.1   36.1    0.0    0.0    0.0    0.0
     0.0    0.0    0.0   56.3    0.0   -1.0    0.0   -1.0    2.0    0.0    0.0    0.0
     0.0    1.5    0.0    0.0    0.0    0.0    0.0    0.0    0.0   25.1    0.0   -1.0
     1.3    4.6    0.0    5.3    0.0    0.0    0.0    0.0    0.0   -1.0    0.0   -1.0
     2.6    1.5    0.0   75.5    0.0    2.0    0.0    0.0   57.9    0.0    0.0    0.0
     0.0    0.0    0.0   33.7    0.0   10.6   19.3    0.0    0.0    0.0    0.0    0.0
     0.0   -1.0   -1.0    4.8   -1.0   -1.0    8.3    0.0    0.0    0.0    0.0    0.0
     0.0    0.0   14.5    0.0    0.0    0.0   -1.0    0.0    0.0    0.0    0.0    0.0
     0.0    0.0   20.5    0.0   14.0    0.0    6.3    1.3    0.0   21.0    0.0    0.0
     0.0    0.0   -1.0    0.0   -1.0    0.0    1.5   -1.0    0.0   10.1    0.0    0.0
     0.0    0.0   -1.0    0.0    0.0    0.0   10.2   13.2    0.0    0.0    0.0   -1.0
     0.0   -1.0    0.0    0.0    0.0    0.0   71.1   30.4    0.0    0.0    0.0    0.0
     0.0   43.9    0.0    0.0    0.0    0.0    7.3   -1.0    0.0    0.0    0.0    0.0
     0.0   -1.0    8.3    0.0   -1.0    0.0   -1.0   44.5   14.1    0.0    0.0    0.0
     0.0    0.0   14.7    0.0   -1.0    0.0   43.2  173.5    0.0    0.0    0.0    0.0
    62.2    0.0    0.0   13.4    0.0   12.7    2.0    0.0    0.0    0.0    0.0    0.0
    38.3   -1.0    0.0    0.0    0.0    5.1    0.0    2.0    0.0    0.0    0.0    0.0
    13.6    0.0    0.0    0.0   -1.0    0.0    0.0   -1.0    0.0    0.0    0.0    0.0
     7.5    0.0    0.0    4.1    0.0    0.0    0.0   -1.0    0.0    0.0    0.0    0.0
     1.8    0.0    0.0    0.0    1.5    0.0    0.0    7.1    0.0    0.0    0.0    0.0
