FREE
COL
ISLAMABAD PH3 1
1994 1 1 0 1 31 12 1 0
      31     28     31     30     31     30     31     31     30     31     30     31
     0.0    0.0    0.0    0.0    1.7    0.0   19.5   -1.0    5.0    0.0    0.0    0.0
     0.0    0.0    0.0    0.0    0.8    0.0    0.0  140.0   14.0    0.0    0.0    0.0
     0.0    0.0    2.0    7.2    0.0    0.0    6.0   10.0    9.0    0.0   -1.0    0.0
     0.0   -1.0   -1.0   26.7    0.0    0.0  115.0    2.0    7.0    0.0    0.0    0.0
     0.0   24.5    0.0   16.5    0.0    0.0    0.0    8.2   13.0   -1.0    0.0    0.0
     0.0    0.0    0.0    0.0    0.0    0.0    0.0   50.0    7.0    0.0    0.0    5.0
     0.0    0.0    0.0    0.0    0.0    0.0    0.0   84.0    0.0    0.0    0.0    3.2
     1.0    0.0    0.0    0.0    4.0    0.0    6.0  170.0    0.0    0.0    0.0   30.2
     0.0    0.0    0.0    0.0    0.0   -1.0    3.5   15.0    0.0    0.0    0.0    0.0
     0.0    0.0    0.0   -1.0    0.0    4.7   -1.0   -1.0    0.0    0.0    0.0    0.0
     0.0    0.0    0.0   -1.0    0.0   -1.0   38.0    0.0    0.0    8.0    0.0    0.0
    -1.0    0.0   -1.0    0.0    0.0   22.5    0.0    0.0    1.0    0.0    1.0    0.0
     2.0    0.0    0.0    0.0    7.5    4.0    0.0    0.0    0.0    0.0    0.0    0.0
    21.7    2.7   -1.0    1.3   17.0    0.0   -1.0    0.0    0.0    2.3    0.0    0.0
     0.0    0.0    0.0    7.8   -1.0    0.0    6.0   35.8   -1.0    0.0    0.0    0.0
     0.0    1.2    0.0    0.0    0.0    0.0    0.0   21.2    0.0    0.0    0.0    0.0
     0.0    0.0    0.0    0.0    0.0    0.0    0.0   24.0    0.0    0.0    0.0    0.0
    -1.0    0.0   -1.0    0.0    0.0    0.0   -1.0    0.0    0.0    0.0    0.0    0.0
     0.0    0.0    4.2    0.0   -1.0    0.0   73.0    0.0    0.0    0.0    0.0    0.0
     3.4   -1.0   17.2    0.0    1.2    0.0   54.1    0.0    0.0    0.0    0.0    0.0
    -1.0   23.0    0.0    0.0   -1.0    0.0   15.5    0.0    0.0    0.0    0.0    0.0
     0.0   -1.0    0.0    0.0   -1.0    0.0   21.5    5.0    0.0    0.0    0.0    2.0
     0.0    0.0    0.0    2.0    3.8    0.0   58.5   10.3    0.2    0.0    0.0    4.0
     0.0    0.0    0.0    0.0   -1.0    0.0   53.0    5.2    0.0    0.0    0.0    0.0
     0.0    0.0    1.0    0.0    0.0    5.6    0.0    0.0    0.0    0.0    0.0    6.6
     0.0   -1.0    0.0    0.0    0.0   16.0    0.0    0.0    0.0   10.5    0.0    1.0
     8.0    0.0    0.0    0.0    0.0    0.0    0.0    0.0    0.0    9.0    0.0    0.6
     0.0    0.0    0.0    0.0    0.0    2.0   19.1    0.0    0.0    0.0    0.0   18.1
     0.0    0.0    0.0    0.6    0.0    0.0   70.0    0.0    0.0    0.0    0.0   22.5
     0.0    0.0    5.2    7.2    0.0    0.0    4.0   55.0    0.0    0.0    0.0    0.0
     0.0    0.0    6.4    0.0    0.0    0.0   34.0    0.0    0.0    0.0    0.0    0.0

