  DAILY TOTAL RAIN
  ISLAMABAD AIRPOR 1999
              JAN      FEB      MAR      APR      MAY      JUN     JULY      AUG      SEP      OCT      NOV      DEC

       DATE  -------- -------- -------- -------- -------- -------- -------- -------- -------- -------- -------- --------
         1      0.0      0.0      0.0      0.0      0.0      0.0     11.0     36.0      0.0      0.0      0.0      0.0
         2      0.0     -1.0      0.0      0.0      0.0      0.0      0.0      4.0      9.0      0.0      0.0      0.0
         3      0.0      0.0      0.0      0.0      0.0      0.0      7.3      0.0      0.0      0.0      0.0      0.0
         4      0.0      0.0      0.0      0.0      0.0      7.0      3.0     30.0      0.0      0.0      7.0      0.0
         5      1.0      0.0      9.5      0.0     -1.0      0.0      3.0      0.0      0.0      9.5     12.0      0.0
         6      2.0      0.0      4.0      0.0      0.0      0.0     10.0      0.0     23.0      0.0     10.0      0.0
         7     23.0      0.0      3.8      0.0      0.0      0.0      8.0     94.0      0.0      0.0     -1.0      0.0
         8     -1.0     -1.0     14.0      0.0      0.0      0.0      0.0      7.0      0.0      0.0      0.0      0.0
         9      0.0     -1.0     38.0      0.0      0.0      0.0      0.0     12.0     -1.0      0.0      0.0      0.0
        10      0.0      0.0      0.0      0.0      0.0      0.0      0.0     62.0      0.0      0.0     -1.0      0.0
        11      0.0      0.0      0.0      0.0     -1.0      0.0      0.0      5.0      0.0      0.0      0.0      0.0
        12     -1.0      0.0      0.0      2.0      2.0      0.0      0.0     45.0      0.0      0.0      0.0      0.0
        13      0.0      0.0      0.0     -1.0     10.6      0.0      0.0     10.0      0.0      0.0      1.0      0.0
        14      0.0      0.0      0.0      0.0      0.0      3.0      0.0      0.0      0.0      0.0      1.0      0.0
        15      0.0      0.0      0.0      0.0      0.0      1.0      0.0      0.0      0.0      0.0      0.0      0.0
        16      0.0      2.5      0.0      0.0      0.0      0.0      0.0      0.0      0.0      0.0      0.0      0.0
        17      0.0     -1.0     -1.0      0.0      0.0      0.0      0.0      0.0      0.0      0.0      0.0      0.0
        18      0.0      0.0     -1.0      0.0      0.0      0.0     88.0      0.0      0.0      0.0      0.0      0.0
        19      0.0     26.0      0.0      0.0      0.0      0.0     28.0      0.0      0.0      0.0      0.0      0.0
        20     -1.0      0.0      0.0      0.0      0.0     18.0      6.0      0.0      7.0      0.0      0.0      0.0
        21     10.5      0.0      1.5     -1.0      0.0      0.0      0.0      0.0      0.0      0.0      0.0      0.0
        22     -1.0      0.0      0.0      0.0      1.0      0.0     -1.0     -1.0      0.0      0.0      4.0      0.0
        23      5.0      0.0      0.0      0.0      0.0      0.0      0.0      0.0      0.0      0.0     -1.0      0.0
        24     17.0      0.0     -1.0      0.0      1.5      0.0      0.0      0.0     23.0      0.0      0.0      0.0
        25     18.0      0.0      1.0      0.0      0.0     -1.0     -1.0      0.0      4.0      0.0      0.0      0.0
        26      0.0      0.0      1.0      0.0      1.0      0.0     20.0     26.0      0.0      0.0      0.0      0.0
        27      2.0      0.0      0.0      0.0      0.0      0.0      0.0      3.0      0.0      0.0      0.0      0.0
        28      4.6      0.0      0.0      0.0      0.0      0.0      0.0     -1.0      0.0      0.0      0.0      0.0
        29      0.0               0.0      0.0      0.0      4.0     48.0      0.0      0.0      0.0      0.0      0.0
        30      0.0               0.0      0.0      0.0     -1.0      0.0      0.0     79.0      0.0      0.0      0.0
        31      0.0               0.0              -1.0               0.0      0.0               0.0               0.0
