FREE
COL
ISLAMABAD PH3 1
1984 1 1 0 1 31 12 1 0
      31     29     31     30     31     30     31     31     30     31     30     31
     0.0    0.0    0.0   11.4    0.0    0.0    0.0   43.2   26.2    0.0    0.0    0.0
     0.0    0.0    0.0   -1.0    0.0    0.0    0.0    0.0    6.3    0.0    0.0    0.0
     0.0    0.0    0.0   -1.0    0.0    0.0   -1.0    0.0   19.1    0.0    0.0    0.0
     0.0    3.8    0.0   12.7    0.0    0.0    0.0    0.0    7.1    0.0    0.0    0.0
     0.0    0.0    0.0    0.0    0.0    0.0    0.0    4.0    0.0    0.0    0.0    0.0
    -1.0    0.0    0.0    4.6    0.0    0.0   19.1   -1.0   25.4    0.0    0.0    0.0
     0.0   -1.0    0.0    0.0   -1.0    0.0    4.1    0.0   16.9    0.0    0.0    0.0
     0.0    0.0    0.0   -1.0    0.0    0.0  121.9    0.0   -1.0    0.0    0.0    0.0
     0.0    0.0    0.0    0.0    0.0    0.0    4.6   17.1    0.0    0.0   -1.0   -1.0
     0.0    0.0    0.0   -1.0    0.0    0.0    0.0    0.0    0.0    0.0   -1.0    0.0
     0.0    0.0    0.0    0.0    4.0   16.2    0.0    0.0    0.0    0.0    0.0    0.0
     0.0    0.0    0.0    0.0    0.0    0.0   -1.0    0.0    0.0    0.0    0.0    0.0
     0.0    0.0    0.0   -1.0   -1.0   -1.0    0.0    1.0    0.0    0.0    0.0   -1.0
     0.0    0.0    0.0   -1.0   -1.0    0.0    0.0   54.0    7.1    0.0    0.0   16.4
     0.0    0.0    0.0    0.0    0.0    0.0    0.0   22.3   -1.0    0.0    0.0    0.0
     0.0   -1.0   -1.0    0.0    4.0    0.0    3.8    7.0    0.0    0.0    0.0    0.0
     0.0   -1.0    7.6    0.0    0.0    0.0   29.2    2.0    0.0    0.0    3.6    0.0
     0.0   28.7   47.9   -1.0    0.0    0.0    6.6   -1.0   12.7    0.0    0.0    0.0
    -1.0   11.4    4.1    0.0    0.0    0.0    0.0   12.0    5.1    0.0    0.0    0.0
     0.0   47.7    0.0   -1.0    0.0    0.0    0.0   -1.0    0.0    0.0    0.0    0.0
     0.0   20.8    0.0    0.8    0.0    0.0    1.3    1.0    0.0    0.0   -1.0    0.0
     0.0    0.0    0.0    2.1    0.0    0.0   16.0   30.7    0.0    0.0   -1.0    0.0
     0.0    0.0    0.0    0.0    0.0   22.4    1.5    0.0    0.0    0.0   -1.0    0.0
     0.0    0.0    0.0    0.0    0.0    0.0    2.1    2.0    5.6    0.0    0.0    0.0
     0.0    0.0   11.9    0.0    0.0    0.0    0.0   -1.0    0.0    0.0    0.0    0.0
     0.0    0.0    0.0    0.0    0.0    2.5    0.0   -1.0    0.0    0.0    0.0    0.0
     0.0    0.0    0.0    8.0    0.0    0.0   19.8   18.9    0.0    0.0    0.0    0.0
     0.0    0.0    0.0   -1.0    0.0  112.5    2.5    5.8    0.0   -1.0    0.0    0.0
     0.0    0.0    0.0    0.0    2.0   42.0   60.2   -1.0    0.0    0.0    0.0    0.0
     0.0    0.0    0.0    0.0    0.0    6.6   13.5    0.0    0.0    0.0    0.0   -1.0
     0.0    0.0    3.8    0.0    0.0    0.0    0.0   24.2    0.0    0.0    0.0   -1.0
