
  DAILY TOTAL RAIN   ( IN M.M )
  ISLAMABAD A/P 1992
              JAN      FEB      MAR      APR      MAY      JUN     JULY      AUG      SEP      OCT      NOV      DEC

  DATE      -------- -------- -------- -------- -------- -------- -------- -------- -------- -------- -------- ------------
         1      0.0      0.0      1.3      0.0      4.6      0.0      4.8      0.0      0.0      0.0      0.0      0.0
         2      0.0      0.0      0.0      0.0      0.0      0.0     -1.0      0.0      0.0      0.0      0.0      0.0
         3      0.0      0.0      0.0      0.0     12.7     -1.0      0.0     93.4     10.0      2.0      0.0      0.0
         4      0.0      0.0      0.0      1.8     -1.0      0.0      0.0     13.0      0.6      0.0      0.0     -1.0
         5      0.0      0.0      0.0      0.0     -1.0      0.0      0.0      0.0      0.0      0.0      0.0      0.0
         6      0.0      8.4     -1.0      5.3      0.0      0.0      0.0     -1.0      0.0     -1.0      0.0      0.0
         7     -1.0     27.6      0.0     -1.0     -1.0      0.0      0.0      0.0     -1.0      0.0      0.0      0.0
         8      3.6      0.0      0.0      0.0      0.0      0.0      0.0     15.7      0.9      0.0      0.0      0.0
         9      0.0      0.0      0.0      0.0     -1.0      0.0     76.2     30.3     74.3     -1.0      0.0      0.0
        10      2.0      0.0      0.0     11.7      0.0      0.0     14.8      0.0    168.4      0.0      0.0      0.0
        11      3.0      0.0     -1.0      0.0      0.0      0.0      0.0      0.0     -1.0      0.0      0.0      0.0
        12      0.0     -1.0     -1.0      0.0      0.0      0.0     -1.0      0.0      0.0      0.0      0.0      7.9
        13      0.0     49.2     11.4      0.0      0.0      0.0     48.0      0.0      0.0      0.0      0.0      0.0
        14      0.0     -1.0      0.0      0.0      0.0      0.0     61.0      0.0     -1.0      0.0      0.0      0.0
        15      0.0      0.0      0.0      0.0     -1.0     -1.0     15.2      0.0     -1.0      0.0      0.0      0.0
        16      0.0      0.0      0.0      0.0      0.0      0.0      0.0      3.6      0.0      0.0      0.0      0.0
        17      0.0      0.0      0.0     -1.0      6.6      0.0     11.4    111.6      3.7      0.0      0.0      0.0
        18      0.0      0.0      0.0      3.3      0.0      0.0     -1.0      5.1      0.0      0.0      0.0      0.0
        19      0.0      0.0      0.0     -1.0     -1.0      0.0      0.0      1.0      0.0      7.0      0.0      0.0
        20      0.0     -1.0     -1.0     -1.0     -1.0      0.0      0.0      0.0      0.0      0.0     34.0      0.0
        21      0.0      0.0      5.8      0.0      0.0     14.5      1.8      0.0      0.0      0.0      0.0      0.0
        22      0.0      0.0      3.1      0.0      0.0     -1.0     -1.0      2.0      0.0      0.0      0.0      0.0
        23     -1.0      0.0     24.6      0.0      0.0     -1.0      0.0      0.0      0.0      0.0      0.0      0.0
        24     -1.0      0.0      6.5      0.0      0.0      0.0      0.0      0.0      0.0      0.0      0.0      0.0
        25      4.6      0.0     16.7      0.0      0.0      0.0     -1.0      0.0      0.0      0.0      0.0     -1.0
        26      2.3      0.0     27.6      0.0      1.0      0.0     10.9      0.0      0.0      0.0      0.0      0.0
        27      6.8      0.0     22.1      0.0      9.9      0.0      0.0      4.0      0.0      0.0      0.0      0.0
        28      1.3      0.0      0.0      0.0      2.0      0.0      0.0     25.3      0.0      0.0      0.0      0.0
        29     18.5      6.1     -1.0      4.6     -1.0     -1.0      7.6      0.0      0.0      0.0      0.0      0.0
        30     49.5               0.0      0.0     -1.0      0.0     -1.0      0.0      0.0      0.0      0.0     -1.0
        31      7.6               0.0              -1.0               5.0      0.0               0.0              -1.0
