
  DAILY TOTAL RAIN   ( IN M.M )
  CHAKLALA 2006
                JAN      FEB      MAR      APR      MAY      JUN     JULY      AUG      SEP      OCT      NOV      DEC

      DATE  -------- -------- -------- -------- -------- -------- -------- -------- -------- -------- -------- --------
         1     10.0      0.0      0.0      1.0      0.0       TR       TR      4.0      3.0      0.0      0.0      0.0
         2     20.0      0.0      0.0       TR      0.0      0.0      0.0     23.0      2.0      0.0      0.0      0.0
         3       TR      0.0      0.0      0.0      0.0       TR     60.0     40.0      3.0      0.0      0.0      3.0
         4      0.0      0.0      0.0      0.0      0.0      7.0      3.0     92.0      0.0      0.0      0.0     11.0
         5      0.0      0.0      0.0      0.0      0.0      2.0      0.0    123.0      0.0      0.0      0.0    102.0
         6      0.0      0.0      0.0      0.0      0.0       TR      0.0     49.0      0.0      0.0      0.0      4.0
         7      0.0      0.0      0.0      0.0      0.0      0.0      0.0      0.0      0.0      0.0      0.0      0.0
         8      0.0      0.0      0.0      0.0      0.0      0.0      0.0      0.0      0.0      0.0      0.0      0.0
         9      0.0      0.0      0.0      3.0      0.0      0.0       TR      7.0      0.0      0.0      0.0      0.0
        10      0.0      0.0      0.0     15.0      0.0      0.0     15.0      0.0      0.0      0.0      0.0      0.0
        11      0.0      0.0      0.0      0.0      0.0       TR      0.0      0.0      0.0      0.0      2.0      7.0
        12      0.0      0.0      0.0      0.0      0.0      0.0     80.0      0.0      0.0      0.0      6.0      0.0
        13      0.0      0.0      0.0      0.0      0.0       TR    138.0      0.0      9.0     43.0      2.0      0.0
        14      0.0       TR     38.0      0.0      0.0      0.0       TR      0.0      2.0      0.0      0.0      0.0
        15      3.0      4.0      1.0      0.0      0.0      8.0      0.0       TR     28.0     10.0      0.0      0.0
        16     18.0      0.0       TR      0.0      0.0     13.0      0.0     16.0      2.0      0.0       TR      0.0
        17     14.0      1.0      0.0      0.0     18.0      2.0      0.0      0.0      0.0      0.0      6.0      0.0
        18      5.0       TR      0.0      0.0      0.0      0.0      0.0      0.0      0.0      0.0      4.0      0.0
        19      0.0       TR      2.0      0.0     33.0     26.0      0.0      0.0      0.0      0.0      0.0      0.0
        20      0.0       TR     13.0      0.0      0.0      0.0     20.0     37.0       TR     35.0      0.0      0.0
        21      0.0      0.0      4.0       TR     20.0      0.0      0.0     11.0       TR      4.0      0.0      0.0
        22      0.0      0.0      0.0      0.0       TR      0.0      0.0      0.0       TR      0.0      0.0       TR
        23      0.0      0.0      0.0      0.0       TR      0.0      2.0      0.0       TR      0.0      0.0      0.0
        24      0.0      0.0      0.0      0.0      0.0      0.0     47.0      0.0      0.0      0.0      0.0      0.0
        25      0.0      1.0       TR      0.0      5.0      0.0     52.0      0.0      0.0       TR      0.0      0.0
        26      0.0     19.0      2.0      0.0      0.0      0.0       TR      0.0      0.0      0.0      0.0      6.0
        27      0.0      2.0      1.0      0.0      0.0     59.0     36.0      0.0      3.0      0.0      0.0      0.0
        28       TR      0.0       TR      0.0      0.0       TR       TR     12.0      0.0      0.0      0.0      0.0
        29       TR               0.0       TR       TR      8.0      7.0      0.0      0.0      0.0       TR      0.0
        30      0.0               0.0      0.0      0.0      1.0     44.0      2.0      0.0      0.0      0.0      0.0
        31      0.0               0.0               0.0               0.0      2.0               0.0               0.0
