  DAILY TOTAL RAIN
  ISLAMABAD AIRPORT ( CHAKLALA ) IN M.M OF 2003

              JAN      FEB      MAR      APR      MAY      JUN     JULY      AUG      SEP      OCT      NOV      DEC

       DATE -------- -------- -------- -------- -------- -------- -------- -------- -------- -------- -------- --------
         1      0.0      0.0     12.0      0.0      0.0      0.0     48.0     65.0     -1.0      0.0      0.0      0.0
         2      0.0      2.0     76.0     -1.0      2.0      0.0      0.0      1.0     -1.0      0.0      0.0      0.0
         3      0.0      0.0     -1.0      1.0      0.0      0.0      0.0     56.0      2.0      0.0      0.0      0.0
         4      0.0      0.0      9.0     -1.0     -1.0      0.0      0.0      9.0     80.0      0.0      0.0      0.0
         5      0.0      0.0      0.0      0.0      0.0      0.0      0.0      0.0     17.0      0.0     -1.0      0.0
         6      0.0      0.0      0.0      0.0      0.0      0.0      0.0      0.0      1.0      0.0     -1.0      0.0
         7      0.0     -1.0      0.0      0.0      0.0      0.0      5.0      0.0      0.0      0.0      0.0      0.0
         8      0.0     -1.0      0.0      0.0      0.0      0.0     12.0     22.0      0.0     -1.0      0.0      0.0
         9      0.0      0.0     -1.0      0.0      0.0     20.0     -1.0      1.0      7.0      6.0      1.0      1.0
        10      0.0      0.0     -1.0      0.0      0.0      0.0     41.0      8.0      0.0      0.0     -1.0      1.0
        11      0.0      0.0      0.0      0.0      0.0      0.0      5.0      0.0      0.0      0.0      0.0      0.0
        12      0.0      0.0      0.0      0.0      0.0      7.0     -1.0      0.0      0.0      0.0      0.0      0.0
        13      0.0      0.0      0.0      0.0     -1.0      0.0      3.0      0.0      0.0      0.0      0.0     31.0
        14      0.0      0.0     -1.0     -1.0      0.0      0.0     46.0      0.0      0.0      0.0      0.0     15.0
        15      0.0      0.0     -1.0      1.0     -1.0      0.0      0.0      0.0      0.0      0.0      0.0      6.0
        16      0.0      2.0      0.0      1.0      0.0      0.0      0.0      0.0      0.0      0.0     -1.0     -1.0
        17      0.0     40.0      0.0      0.0      0.0      0.0      5.0      0.0      0.0      0.0     20.0      0.0
        18      0.0     61.0      0.0      0.0      0.0      3.0      1.5      0.0      0.0      0.0      0.0      0.0
        19      0.0     48.0     -1.0     10.0      0.0      0.0      0.0     42.0     -1.0      0.0      0.0      0.0
        20      0.0      5.0     -1.0     -1.0      0.0      0.0      0.0     25.0      0.0      0.0      0.0      0.0
        21      0.0     -1.0      0.0      0.0      0.0     17.0     56.0      1.5      0.0      0.0      0.0      0.0
        22      0.0      0.0      0.0      0.0      0.0     -1.0     -1.0      0.0      0.0      0.0      0.0      0.0
        23      0.0      2.0      0.0      0.0      2.0     -1.0      0.0      0.0      0.0      0.0      0.0     -1.0
        24      0.0      2.0      0.0      0.0      6.0      0.0     12.0      0.0      3.0      0.0      0.0     -1.0
        25      0.0     -1.0      0.0      0.0      0.0      0.0     -1.0      0.0      4.0      0.0      0.0      0.0
        26      0.0      3.0      0.0      6.0      5.0      0.0      0.0     -1.0      0.0      0.0      0.0      0.0
        27     -1.0      2.0     -1.0      0.0      0.0     -1.0      4.0      0.0      0.0      0.0      0.0      0.0
        28     -1.0      6.0     13.0     -1.0      0.0     16.0     17.5      3.0     -1.0      0.0      0.0      0.0
        29     -1.0      0.0     -1.0      0.0      0.0      0.0      5.5      0.0      0.0      0.0      0.0      0.0
        30      3.0      0.0      0.0      0.0      0.0      0.0      5.0     27.0      0.0      0.0      0.0      0.0
        31     39.0               0.0               0.0               0.0      0.0               0.0               0.0
