FREE
COL
ISLAMABAD PH3 1
1986 1 1 0 1 31 12 1 0
      31     28     31     30     31     30     31     31     30     31     30     31
     0.0    0.0    0.0   -1.0    0.0    5.1   -1.0   35.0    0.0    0.0    0.0    0.0
     0.0    0.0    0.0    0.0   -1.0    0.0   -1.0   19.3    0.0   -1.0    0.0    0.0
     0.0    0.0    0.0    0.0    0.0    0.0    0.0    0.0    0.0    0.0    0.0    0.0
     0.0    0.5    0.0    0.0    0.0    0.0    0.0   12.4    0.0    0.0    0.0    0.0
     0.0    0.0    0.0    0.0    0.0    0.0    0.0   11.0    0.0    0.0    0.0    0.0
     0.0    0.0    0.0    0.0    0.0    0.0    0.0    3.0    5.1    0.0    0.0    0.0
     0.0    0.0    0.0    0.0    0.0    0.0    1.3   -1.0    0.0    0.0    0.0    0.0
     0.0    0.0    0.0    0.0    0.0    0.0    2.8   -1.0    0.0    0.0    0.0    0.0
     0.0    0.0    0.0    0.0   13.2    0.0   -1.0   -1.0    0.0    0.0    0.0    0.0
     0.0   16.2    0.0    2.8    0.0    0.0   -1.0    0.5    0.0    0.0    0.0    0.0
     0.0   58.1    0.6    0.0    3.0    0.0    0.0    0.0    0.0    0.0    0.0    0.0
     0.0   13.0   -1.0    0.0    0.0    0.0   36.8    0.0    0.0   -1.0    0.0   29.4
     0.0   36.2   24.4    4.6   -1.0    8.9    0.0    0.0   -1.0    1.3    0.0    2.0
     0.0    7.1   40.3    0.0    0.0    0.0    0.0   12.4   23.1    0.0    0.0   13.5
     0.0    0.0    8.2    0.0    0.0    0.0    0.0    8.6    2.5   44.9   -1.0   -1.0
     0.0    0.0    0.0    0.0    0.0   -1.0    0.0    0.0    0.0    1.3   16.7    0.0
     0.0    0.0   -1.0    0.0    0.0   -1.0    0.0    0.0    0.0   10.1    0.0    0.0
     0.0   18.0    8.3    0.0    0.0    0.0   12.7    0.0    0.0    0.0    0.0    0.0
     0.0    0.0    9.1    0.0    2.5    0.0    8.7   34.6    0.0    0.0    0.0    1.3
     0.0    0.0    0.0    0.0   -1.0    0.0    1.0    1.0    0.0    0.0    0.0    0.0
     0.0   -1.0    2.3    0.0    0.0    0.0    0.0    0.0    0.0    0.0    0.0    0.0
    -1.0   -1.0   12.0    0.0    0.0    0.0   16.9    7.4    0.0    0.0   -1.0    0.0
     0.0    0.0    0.0    0.0    0.0   27.2    0.0    0.0    0.0    0.0    0.0    0.0
     0.0    0.0    0.0    0.0    0.0   19.1    5.3    0.0    0.0    0.0    0.0    0.0
     0.0    0.0    0.0    5.9    0.0   -1.0    0.0    0.0   -1.0    0.0    0.0    0.0
     0.0    0.0   -1.0   16.4    0.0    0.0    0.0    0.0    4.3    0.0   17.3    0.0
     0.0    0.0    3.6   32.8   -1.0    1.3   -1.0   27.7    1.0    0.0    6.3    0.0
     0.0    0.0    1.8    0.0    4.3    0.0   -1.0    0.0    0.0    0.0    0.0    0.0
     0.0    0.0    2.0    0.0   -1.0   -1.0   -1.0    0.0   37.0    0.0   -1.0    0.0
     0.0    0.0    0.0    3.8    6.9    0.0    0.0    0.0    0.0    0.0    0.0    0.0
     0.0    0.0    0.0    0.0    0.0    0.0    0.0    0.0    0.0    0.0    0.0    0.0
