FREE
COL
ISLAMABAD PH3 1
1990 1 1 0 1 31 12 1 0
      31     28     31     30     31     30     31     31     30     31     30     31
     0.0    0.8    3.4    0.0    0.0    0.0   43.5   -1.0    0.0    0.0    2.3    0.0
     0.0    0.0    0.0    0.0    0.0    0.0   -1.0   36.9    0.0    0.0    2.5    0.0
     0.0    0.0    0.0    0.0   -1.0    0.0    0.0    0.0    0.0    0.0    0.0    0.0
     0.0    0.0    0.0    0.0    0.0    0.0   30.5    0.0    0.0    0.0    0.0    0.0
     0.0    0.0    0.0    0.0    0.0   -1.0    0.0   -1.0   76.9    0.0    0.0    0.0
    -1.0    0.0    0.0    1.3    0.0    0.0   43.9    0.0   33.3    0.0    0.0    0.0
     7.1    3.0    0.0   37.0    0.0   -1.0    0.0    0.0    0.0    0.0    0.0    0.0
     0.0   13.5    0.0    5.1    0.0    0.0    0.0   13.3    0.0    0.0    0.0    0.0
     0.0   -1.0    0.0    0.0    0.0    3.0    0.0   76.7    0.0    0.0    0.0    0.0
     0.0    0.0    8.1    0.0    0.0   -1.0   44.2   17.8    0.0    0.0    0.0    0.0
     0.0    0.0   53.9   -1.0    0.0    0.0    0.0    0.0    0.0    0.0    0.0    0.0
     0.0   -1.0   -1.0   -1.0    0.0    0.0    0.0    0.0    0.0    0.0    0.0    0.0
    -1.0   14.9    0.0   -1.0    0.0    3.8    1.3   64.3    0.0    0.0    0.0   -1.0
     0.0   13.4    0.0    0.0    0.0    0.0    0.0    0.0   18.5    0.0    0.0   -1.0
     0.0    0.0    0.0    0.0    0.0    0.0    0.0    0.0   -1.0    0.0    0.0   48.0
     0.0    0.0    0.0    2.5   -1.0    0.0   -1.0    4.6    1.0    0.0    0.0   22.5
     0.0    0.0   20.6    6.9    0.0    0.0    0.2    0.0    0.0    7.9    0.0   25.6
     1.5    0.0   13.9    0.0   -1.0    0.0   16.0    0.0    0.0   21.1    0.0    0.0
    -1.0    0.0   -1.0    0.0    0.0    0.0    0.0   34.3    8.7    0.0    3.1    0.0
     0.0    0.0   30.8    0.0    0.0    0.0    0.0   23.4    8.4    0.0    0.0    0.0
     0.0    0.0    9.6    0.0    0.0    0.0   38.1   -1.0    3.8    0.0    0.0    0.0
     1.3    0.0   13.0    0.0    0.0    0.0    5.8    2.5    0.0    0.0    0.0    0.0
     0.0    0.0    0.0    0.0    0.0    0.0    0.0   11.1    0.0    0.0    0.0    0.0
     0.0   16.4    0.0    0.0    0.0    0.0    0.0    0.0    0.0    0.0    0.0   12.7
     0.0   12.4    0.0    0.0    0.0   -1.0   -1.0   26.7    2.0    0.0    0.0   -1.0
     0.0    7.9    0.0    2.5    0.0   20.6   60.2    3.8    0.0    0.0    0.0    0.0
    25.1    5.3    0.0    0.0    0.0    0.0   22.9    0.0    0.0    0.0    0.0    6.4
     6.1   17.5    0.0    0.0    0.0    0.0   20.8    0.0    0.0    0.0    0.0   31.8
     0.0    0.0    4.8    0.0   -1.0    0.0    0.0   76.2    0.0    0.0    0.0   27.9
     0.0    0.0    2.1    0.0   -1.0    2.0    0.0   41.9   15.7    0.0    0.0    3.0
     0.0    0.0    0.0    0.0    0.0    0.0    0.0    2.5    0.0    0.0    0.0   -1.0
