FREE
COL
ISLAMABAD PH3 1
1989 1 1 0 1 31 12 1 0
      31     28     31     30     31     30     31     31     30     31     30     31
     0.0    0.0    0.0   11.9    1.3    0.0    0.0    0.0    0.0    0.0    0.0    0.0
     0.0    0.0    0.0    0.0    3.5    0.0    1.0    1.3    0.0    0.0    0.0    0.0
     1.3   -1.0    0.0    0.0    0.0    0.0    3.8    1.0    0.0    0.0   -1.0    0.0
     0.0    0.0    0.0    0.8    0.0    0.0   14.9    0.0    0.0    0.0    0.0    0.0
    10.1    2.8    0.0    0.0    0.0    0.0   -1.0   12.1    0.0    0.0    0.0    0.0
    56.2    0.0    0.0    0.0    0.0    0.0    1.6   -1.0    0.0    0.0    0.0    0.0
    -1.0    0.0    0.0    0.0    0.0    0.0    0.0    0.0   -1.0    0.0    0.0    0.0
    -1.0    0.0    0.0   -1.0    0.0   -1.0    0.0    0.0    0.0    0.0    0.0    4.6
     0.0    0.0    5.3   -1.0    0.0   -1.0    0.0    0.0    0.0    0.0    0.0    1.0
     0.0    0.0    4.5    0.0    0.0   -1.0    0.0    0.0    0.0    0.0   -1.0    0.0
     0.0    0.0    0.0    0.0    0.0   -1.0    0.0    0.0    0.0    0.0   -1.0    2.3
     0.0    0.0    0.0    0.0    0.0    0.0    0.0    0.0    1.0    2.0    0.0   -1.0
     0.0   -1.0   -1.0    0.0    0.0    0.0   -1.0   10.2    0.0    1.8    0.0    0.0
     0.0    0.8    1.0    0.0    0.0    0.0   81.0   69.9    0.0    0.0    0.0    0.0
     0.0    0.0   -1.0    0.0    0.0    0.0   25.4    0.0   -1.0    0.0    0.0    0.0
     0.0    0.0    0.0    0.0    0.0   20.0   -1.0    0.0    0.0    0.0    0.0    0.0
     0.0    7.1    0.0   -1.0   -1.0    0.0    0.0    0.0    0.0    0.0    0.0    0.0
     0.0   -1.0   16.3    0.0    0.5    6.3    0.0    0.0    0.0    0.0   -1.0   -1.0
     0.0    0.0   -1.0   -1.0    0.0   -1.0    0.0    2.0    0.0    0.0   -1.0    0.0
    -1.0    0.0   14.8    0.0    0.0    5.1    0.0   84.5    0.0    0.0    0.0   15.5
     0.0    0.0   -1.0    0.0    0.0    0.0   -1.0   44.4    0.0    0.0    0.0   17.7
     0.0    0.0    7.6   -1.0    0.0    0.0    0.0   45.7    5.8    0.0    0.0    0.0
     0.0    0.0    1.0    0.0    0.0    0.0    0.0   17.8   21.6    0.0    2.0    4.6
     0.0   -1.0    0.0    0.0   -1.0    0.0    9.4    0.0   -1.0    0.0    0.0    2.8
     0.0    0.0    0.0   -1.0    0.0    0.0   13.8    0.0    0.0    0.0    0.0   -1.0
     0.0    0.0    0.0    0.0    0.0    0.0    0.0   65.2    0.0    0.0    0.0    2.0
     0.0    0.0   -1.0    0.0    0.0    0.0    0.0    4.5    0.0    0.0    0.0    0.0
     0.0    0.0   13.5    0.0    0.0   21.8    0.0   10.9    0.0    0.0    0.0    0.0
     0.0    0.0   -1.0    0.0    0.0    3.8   21.1    0.0    0.0    0.0    0.0    0.0
     0.0    0.0   -1.0    0.0    0.0    0.0   76.4    0.0    0.0    0.0    0.0    0.0
     0.0    0.0    7.5    0.0    0.0    0.0  116.8    0.0    0.0    0.0    0.0    0.0
