  DAILY TOTAL RAIN
  ISLAMABAD AIRPOR 2000
              JAN      FEB      MAR      APR      MAY      JUN     JULY      AUG      SEP      OCT      NOV      DEC

        DATE  -------- -------- -------- -------- -------- -------- -------- -------- -------- -------- -------- --------
         1      0.0     24.0      0.0      0.0      0.0      0.0      1.0     70.0      6.0      0.0      0.0      0.0
         2      0.0     18.0      0.0      0.0      0.0      0.0      0.0     12.0      0.0      0.0      0.0      0.0
         3      0.0      0.0      0.0      0.0      0.0      0.0      0.0     33.0      TRS      0.0      0.0      0.0
         4      0.0      0.0      TRS      0.0      0.0      0.0      TRS      0.0      0.0      0.0      0.0      0.0
         5      0.0      0.0      1.0      0.0      0.0      0.0      0.0      0.0      0.0      0.0      0.0      0.0
         6      0.0      0.0      0.0      0.0      0.0      0.0      0.0      0.0      0.0      0.0      0.0      0.0
         7      0.0      0.0      0.0      0.0      0.0      0.0      0.0     10.0     11.0      0.0      0.0      0.0
         8      0.0      0.0      0.0      0.0      0.0      0.0     35.0      0.0      7.0      0.0      0.0     -1.0
         9      TRS      0.0      0.0      0.0      0.0      5.0     35.0      0.0     40.0      0.0      0.0      0.0
        10      0.0     24.6      0.0      0.0      0.0      0.0      1.0     31.0      8.0      0.0      0.0      0.0
        11      0.0      0.0      0.0      0.0      0.0      0.0     30.0      0.0      0.0      0.0      0.0      0.0
        12     31.0      0.0      TRS      0.0      0.0      0.0     10.0      0.0      0.0      0.0      0.0      0.0
        13     44.0      0.0      0.0      0.0      6.0      0.0      5.0      0.0      TRS      0.0      0.0      0.0
        14     24.0      0.0      0.0      TRS      TRS      0.0     10.0      0.0      0.0      0.0     -1.0      0.0
        15      9.0      0.0      0.0      TRS      0.0      0.0      0.0     36.0      0.0      0.0      0.0      0.0
        16      0.0      0.0      0.0      0.0      0.0      0.0      0.0     10.0      0.0      0.0      0.0      0.0
        17      0.0      0.0      7.0      0.0      0.0      0.0      4.0     10.0      0.0      0.0      0.0     11.0
        18      0.0      TRS      0.0      0.0      0.0      TRS      0.0      6.0      0.0      0.0      0.0      3.0
        19      TRS      0.0      0.0      0.0      5.0      0.0      0.0      TRS      0.0      0.0      0.0      0.0
        20      0.0      TRS      0.0      0.0      0.0      0.0      0.0      0.0      TRS      0.0      0.0      0.0
        21      0.0      4.0      0.0      0.0      0.0      0.0      7.0     43.0     12.0      0.0      0.0      0.0
        22      0.0      0.0      2.0      2.0      0.0      9.0      7.0     23.0     10.0      0.0      0.0      0.0
        23      TRS      0.0      0.0      TRS      0.0      0.0     10.0      0.0      0.0      0.0      0.0      0.0
        24      0.0      0.0      0.0      0.0      0.0      TRS      TRS      0.0      0.0      0.0     -1.0      0.0
        25      1.0      0.0      0.0      0.0      0.0      0.0      TRS      0.0      0.0      0.0      0.0      0.0
        26     18.0      0.0      0.0      TRS      0.0      0.0     50.0      0.0     35.0      0.0      0.0      0.0
        27      2.0      0.0      0.0      0.0      0.0      0.0      0.0      0.0      0.0      0.0      0.0      0.0
        28      0.0      0.0      0.0      0.0      0.0      0.0      0.0      0.0      0.0      0.0      0.0      0.0
        29      0.0      0.0      TRS      TRS      0.0      6.0      0.0     82.0      0.0      0.0      0.0      0.0
        30      0.0      0.0      0.0      TRS      0.0      9.0      2.0      TRS      0.0      0.0      0.0      0.0
        31      0.0      0.0      0.0      0.0      0.0               0.0     15.0      0.0      0.0               0.0
