FREE
COL
ISLAMABAD PH3 1
1991 1 1 0 1 31 12 1 0
      31     28     31     30     31     30     31     31     30     31     30     31
    -1.0    0.0    0.0   -1.0   -1.0    0.0    0.0   62.4   20.3    0.0    0.0    0.0
     0.0    0.0   -1.0   22.9    0.0    0.0    0.0    3.8   35.1    0.0    0.0    0.0
     0.0    0.0    3.8    1.8    0.0    0.0    0.0    0.0   -1.0    0.0    0.0    0.0
     0.0    0.0   34.3   -1.0    0.0    0.0    0.0    3.8    2.8    0.0    0.0    0.0
     0.0    0.0    9.1    0.0   -1.0    0.0    0.0    2.6    0.0    0.0    0.0    0.0
     0.0    0.3    0.0    6.3   -1.0    0.0   10.7    1.0   38.6    0.0    0.0    0.0
     0.0    1.0    0.0   -1.0    0.0    0.0    0.0    7.4   13.0    0.0    0.0    0.0
    -1.0    0.0   -1.0   -1.0   -1.0    0.0    0.0   -1.0    0.0    0.0    0.0    0.0
     0.0    3.3    5.1   18.1    0.0    0.0    0.0   60.1   -1.0    0.0    0.0    0.0
     0.0   28.5    0.0    5.1    1.3    3.3    0.0    7.1   -1.0    0.0    0.0    0.0
     0.0   51.1    0.0    0.0   -1.0   37.3    0.0    0.0    0.0    0.0    0.0    0.0
     0.5    1.3    2.8   -1.0    0.0    0.0    0.0    0.0    0.0    0.0    0.0   -1.0
     0.0    0.0   -1.0   10.3   -1.0    0.0   69.1    0.0    0.0    0.0   -1.0   -1.0
     0.0    0.5    0.0   29.8    0.0    0.0   23.2    0.0    0.0    0.0    0.0    0.0
     0.0   12.9    0.0   22.3    0.0   -1.0    0.0    0.0   35.3    1.0    0.0    0.0
     0.0    0.0    0.0   -1.0    0.0    5.3    0.0    0.0    8.1    2.3    0.0    0.0
     0.0    0.0    0.0    0.0    0.0    0.0    0.0    0.0   20.1    0.0    0.0    0.0
     0.0    0.0    6.0    0.0    0.0    0.0   38.4    0.0    0.0    0.0    0.0    0.0
     0.0    0.0    8.2    0.0    0.0   31.5    0.0   54.9    0.0    0.0    0.0    0.0
     0.0    0.0    0.0    0.0   -1.0   11.2   26.2    4.6    0.0    0.0    0.0    0.0
     0.0    0.0    0.0    0.0   12.7   -1.0   17.7   33.5    0.0    0.0    0.0    0.8
     0.0    0.0    3.8   -1.0   -1.0    0.0    0.0    0.0    0.0    0.0    0.0   16.3
     0.0    0.0   17.6    0.0    0.0    0.0    0.0    0.0    0.0    0.0    0.0    0.0
     0.0    0.5   13.2    0.0    2.8    0.0    0.0    7.1    0.0    0.0    0.0    0.0
    -1.0    5.3    0.0    0.0   -1.0   -1.0   18.0    0.0    0.0    0.0    0.0   -1.0
     4.8    0.0    0.0    0.0   -1.0    0.0    0.0    0.0   29.2    0.0    0.0   -1.0
     1.8    0.0    0.0   -1.0   -1.0    0.0    0.0    0.0    3.0    0.0    0.0    0.0
     2.1    2.1    0.0   -1.0    0.0    0.0    0.0   -1.0   -1.0    0.0    0.0    0.0
    -1.0    0.0    0.0    0.0    0.0    0.0    0.0   -1.0   -1.0    0.0    0.0    0.0
     0.0    0.0    0.0    0.0    0.0    0.0   48.5   14.9   -1.0    0.0    3.8    0.0
     0.0    0.0    0.0    0.0    0.0    0.0   -1.0    1.0    0.0    0.0    0.0    0.0
