


  DAILY TOTAL RAIN
  MURREE 1997
              JAN      FEB      MAR      APR      MAY      JUN     JULY      AUG      SEP      OCT      NOV      DEC

       DATE-------- -------- -------- -------- -------- -------- -------- -------- -------- -------- -------- --------
         1      0.0      0.0      0.0      0.0      7.0      0.5      3.0     14.5      0.0      0.0      0.0      0.0
         2      0.0     10.0     12.0      0.0      0.7      0.0      0.0     16.5      0.0      0.0      0.0      0.0
         3      0.0     10.0      0.0      0.0      0.0     12.4      0.0     22.0      8.6      0.0      0.0      0.0
         4      0.0      0.0      0.0      0.0     14.0     47.0      0.0      0.0      0.0      0.0      0.0      0.0
         5      0.0      0.0      0.0      0.0      7.0      1.0      0.0      0.0      0.0     10.0      0.0      0.5
         6      2.0      0.0      0.0      0.0      0.0      0.0      0.0      0.0     15.3      8.0      0.0      0.0
         7      0.0      0.0      0.0      0.0     22.0      1.7      0.0      9.5      9.7      0.0      0.0      0.4
         8      0.0      0.0      0.6      0.0     42.0     28.0      0.0      0.0     18.5      0.0      0.0      4.3
         9      0.0      0.0     -1.0      0.0     30.0      0.0      0.0      1.0     -1.0      0.0      2.0     11.3
        10      0.0     -1.0      0.0      0.0     -1.0     10.0      2.0     20.0      0.0      0.0     22.9      0.0
        11      0.0      5.5      2.0      0.0      0.0      0.0      2.3      7.0      0.0     13.0      2.5      0.0
        12      0.0      0.0      1.2      0.0      3.3      0.0      0.0    107.0      0.0      0.0      0.0      0.0
        13      0.0      0.0      0.0      0.0      1.0      2.0      0.0     37.0     20.0      2.0      0.0      4.0
        14      0.0      0.0      0.0      0.0      8.0      0.0     19.0      0.0      0.0      0.0      0.0      2.7
        15      0.0      0.0      6.0      0.0      1.1      0.0     85.0      0.0      0.0     -1.0      0.0      0.0
        16      0.0      0.0     15.0      0.0      0.0      0.0     16.3      0.0      0.0      0.5      0.0      0.0
        17      0.0      0.0      0.0      0.0      0.0      0.0     15.2      0.0      0.0      0.0      3.1      0.0
        18      1.0      0.0      6.0      0.0      0.0      0.0     -1.0      0.0      0.0      0.3      0.0      0.0
        19     48.0      0.0     51.0      0.0      0.0      0.0      2.0      0.0      0.0      0.0      0.0      0.0
        20     72.4      0.0      1.0      0.0      0.0      0.0     15.0      1.2      0.0     11.6      0.0      0.0
        21      3.5      0.0      0.0      0.0      0.0      3.0      0.0     60.0     27.7     15.5      0.0      0.0
        22      2.5      0.0      3.0      0.0      0.0      0.0     61.0     25.8      0.0      4.4      0.0      0.0
        23      0.0      0.0      3.0      0.0      0.0      2.0     22.9      8.6      0.0      0.0      0.0     -1.0
        24      0.0      0.0      0.0      0.0      0.0      0.0     26.5      0.0      0.0      3.2      0.0      0.0
        25      0.0     14.0      0.0      0.0      0.0      0.0      0.0      0.0      0.0      0.0      4.2      0.0
        26      0.0      0.0      0.0      0.0      2.3      0.0      0.3     12.3      0.0      0.0      9.1      0.0
        27     10.2      0.0      0.0      0.0      0.0     40.0     12.0    233.8      0.0     -1.0     18.1      0.0
        28      7.6      0.0     15.0      0.0      0.0     40.0      1.0    100.6      0.0      1.7     -1.0      0.0
        29      0.0              33.7      0.0      0.0     55.0     18.3      0.0      2.7      0.0      0.0     20.3
        30      0.0               0.0      0.0      0.0      6.0      4.3     -1.0      1.3      7.6      0.0      0.0
        31      0.0               0.0              12.0              18.0      0.0              -1.0               0.0
