




  MURREE 91

           JAN    FEB    MAR   APR   MAY   JUN   JUL   AUG   SEP    OCT    NOV    DEC
  DATE   __________________________________________________________________________
      1    0.0    0.0    0.0   0.0   2.0   0.0   0.0  11.0   6.4    0.0    0.0   -100
      2    0.0    0.0    3.0  35.3   0.0   0.0   0.0   0.0   0.0    0.0    0.0   -100
      3    0.0    0.0   23.0  39.6   1.8   0.0   4.0   0.0   0.0    0.0    0.0   -100
      4    0.0    0.0   34.0   8.0   0.0   0.0   0.0  -1.0   0.0    0.0    0.0   -100
      5    0.0    0.0   16.0   0.0   0.0   0.0   0.0   4.0  50.0    0.0    0.0   -100
      6    0.0   11.0    0.0  12.8   0.0   0.0  16.0   1.0  12.6    0.0    0.0   -100
      7    0.5   11.0    0.0   2.0   0.0   0.0   0.0   0.0  28.0    0.0    0.0   -100
      8    4.8    1.0    2.0  14.6   0.0   0.0   0.0  11.0   0.0    0.0    0.0   -100
      9    0.0    3.0   12.0  38.6   0.0   0.0   0.0  11.0   0.0    0.0    0.0   -100
     10    0.0   47.0    0.0  37.0   6.0  12.0   0.0   5.0   5.0    0.0    0.0   -100
     11    0.0  116.0    0.0   2.0  26.2  16.0  24.0   0.0   0.0    0.0    4.0   -100
     12    4.5    7.0    9.0   1.0   0.0   0.0   1.2   0.0   3.7    0.0    0.0   -100
     13    0.0    0.0   12.7  27.8   0.0   0.0  29.0   0.0   0.0    0.0    6.6   -100
     14    0.0    1.0    3.0  61.0   0.0   0.0  48.0   0.0   1.0    0.0    0.0   -100
     15    0.0  100.0    0.0  41.3   0.0   0.0   0.0   0.0  26.9    0.5    0.0   -100
     16    0.0    0.0    0.0   3.5   0.0   3.0   0.0   0.0   1.9   10.0    0.0   -100
     17    0.3    0.0    0.0   0.0   0.0   0.0   0.0  64.0   7.9    0.0    0.0   -100
     18    0.0    0.0   18.0   0.0   0.0  13.3  18.0  30.0   0.0    0.0    0.0   -100
     19    0.0    0.0   28.0   0.0   0.0  10.0   0.0  11.0   0.0    0.0    0.0   -100
     20    0.0    0.0    0.0   0.0   4.0  21.3   6.0   0.0   0.0    0.0    0.0   -100
     21    0.0    0.0    0.0   0.0  35.0  11.0  20.0  21.0   0.0    0.0    0.0   -100
     22    0.0    0.0    7.0   1.0  11.0   0.0   0.0   0.0   0.0    0.0    0.0   -100
     23    0.0    0.0   24.6   7.0   0.0   0.0   3.1  -1.0   0.0    0.0    0.0   -100
     24    0.0    2.0    3.2   0.0   3.0   0.0   0.0   8.0   0.0    0.0    0.0   -100
     25    0.0   22.8    0.0   0.0   0.0   0.0   7.0   2.0   0.0    0.0    0.0   -100
     26   10.0    1.0    0.0   0.0   0.0   0.0   0.0   0.0  25.0    0.0    0.0   -100
     27   17.0    8.0    0.0   0.0   0.1   0.0   0.0   0.0   5.0    0.0    0.0   -100
     28   11.3   29.0    0.0   0.0   0.0   0.0   0.0   4.0   0.0    0.0    0.0   -100
     29    3.0           0.0   0.0   0.0  -1.0   0.0  25.0   1.8    0.0    0.0   -100
     30    0.0           0.0   0.0   0.0   0.0  37.0   2.0   2.1    0.0    0.0   -100
     31    0.0           0.0         0.0         1.0  23.5          0.0          -100


