




  MURREE 85

           JAN    FEB    MAR   APR   MAY    JUN   JUL   AUG    SEP    OCT    NOV    DEC
  DATE   __________________________________________________________________________
      1    0.6    0.0    0.0   0.0  20.7    0.0   0.0   3.3    0.0    0.0    0.0    0.0
      2    4.2    0.0    0.0   0.0   0.9    2.0   2.0   1.7    0.0    0.0   -1.0    0.0
      3    0.0    0.0    0.0   0.0   0.0   -1.0  -1.0  37.6    0.0    0.0    0.0    0.0
      4    0.0    5.6    0.0   0.6   0.0    0.0   0.0  16.2    0.0    0.0    0.0    0.0
      5   10.7   18.1    0.0   2.3   0.0    0.0   0.0  39.1    0.0    3.0    0.0    0.0
      6   28.5    0.0    0.0  11.0   0.0    0.0   0.0  72.7    0.6   21.0    0.0    0.0
      7    0.0    0.0    0.0   4.0   0.0    0.0   0.0  67.2    0.0    8.2    0.0    0.0
      8    0.0    0.0    0.0  20.8   3.0   -1.0  -1.0   2.8    0.1    0.0    0.0   16.0
      9    0.0    0.0    0.0  14.8   5.7    0.0   0.0   0.0    0.0   18.9    0.0    0.8
     10    0.0    0.0    0.0   9.2   8.7    0.0   0.0   0.3    0.0   12.4   20.0    0.0
     11    0.0    0.0    0.0   0.0   0.3   42.3  42.3  -1.0   13.7    0.0    0.0    0.0
     12    0.0    0.0    0.0   0.0   0.0    0.0   0.0  23.7    0.0    0.0    0.0    3.6
     13    0.0    0.0    0.0   3.2   6.6    5.5   5.5   0.0    2.1    0.0    0.0    7.0
     14    0.0    0.0    0.0   9.1   0.0    0.0   0.0   0.0   28.9    0.0    0.0    3.6
     15    0.0    0.0    0.0  -1.0   0.0    0.0   0.0  21.2   16.6    0.1    0.0    5.2
     16    0.0    0.0    4.1   0.0   0.0    0.0   0.0   0.0    0.0    0.0    0.0    2.2
     17    0.0    0.0    0.0   0.0   0.0    0.0   0.0  19.8    0.0    0.0    0.0    0.0
     18   39.2    0.0    5.3   0.0   0.0    0.0   0.0   1.2   34.6    0.0    0.0    0.0
     19   28.7    0.0    0.0   0.0   0.0    0.0   0.0  58.5   28.6    0.0    0.0    0.0
     20    0.0    4.6    0.0   0.0   0.0    1.9   1.9   8.1   -1.0    0.0    0.0    0.0
     21    9.6    0.0    0.0   0.0   0.0    0.0   0.0   0.0    0.0    0.0    0.0    0.0
     22    0.0    0.0    0.0   0.0   0.0    0.0   0.0   0.0    0.6    0.0    0.0    0.0
     23    0.0    0.0    3.6   0.0   0.0    0.0   0.0   2.5    0.0    0.0   -1.0    0.0
     24    0.0    0.0    0.5   0.0   0.0    2.0   2.0   0.0   24.5    0.0    0.0    0.0
     25    0.0    0.0    0.0   2.0   3.7    0.0   0.0   2.0    0.0    0.0    0.0   13.1
     26   25.6    0.0    8.6   2.5   0.0    0.0   0.0   0.0    1.9    0.0    0.0   41.7
     27   10.2    0.0    4.9   0.0   0.0    0.0   0.0  46.8    0.0    0.0   -1.0   40.1
     28    0.0    0.0    4.4   0.0   0.0    0.0   0.0   0.0    0.0    0.0    0.0    0.0
     29    0.0           0.0   0.0   0.0    2.5   2.5   0.0    0.0    0.0    0.5    0.0
     30    0.0          33.2   0.0   0.0   -1.0  -1.0   6.8    0.0    0.0    0.0    1.0
     31    0.0           0.0         0.0                0.0           0.0           0.0


