




  MUREE 88

            JAN    FEB    MAR    APR    MAY    JUN    JUL    AUG    SEP    OCT    NOV    DEC
  DATE    __________________________________________________________________________
       1    0.0    0.0    0.1    0.0    4.4   12.8   -0.1   48.4    0.0    0.0    0.0    0.0
       2    0.0    0.0    0.0    0.0    2.9   13.6    0.0    0.3    0.0    0.0    0.0    0.0
       3   -0.1    0.0    0.0    0.3    0.5    0.0  126.2   76.3    0.0    0.0    0.0    0.0
       4    0.0    0.0    0.0   -0.1    0.0    0.4   42.3    3.2   -0.1   55.6    0.0    0.0
       5    0.0    0.0   -0.1   -0.1    0.0    0.0   39.0   -0.1    0.0    0.0    0.0    0.0
       6    1.3    0.0    0.0    0.0    0.0    2.0    6.6    0.0    0.0    0.0    0.0    0.0
       7    0.0    0.0   16.7    0.0    0.0    0.0    0.2    0.0    0.0    0.0    0.0    0.0
       8    0.0   30.7    9.3    0.0   -0.1    1.0    1.0    1.6    0.0    0.0    0.0    0.0
       9    0.0    1.0   -0.1    0.0    0.0    5.6    0.0   11.3    3.3    1.2    0.0    0.0
      10    0.0    0.0   23.8    0.0    0.0    0.0    0.0    0.0    0.0    0.8    0.0    0.0
      11    0.0    0.0   65.6    0.0    0.0    0.0   80.8    0.0    0.0    0.0    0.0    0.0
      12   -0.1    0.0   92.7    0.0    0.0    0.0    0.4    4.4    0.0    0.0    0.0    0.0
      13    0.0    0.0    3.6    0.0    0.0    0.0   22.3   12.6    0.0    0.0    0.0    0.0
      14    0.0    0.0    4.0    0.0    0.0    0.0   79.0    0.2    0.0    0.0    0.0    0.0
      15    0.0    0.0    0.0    0.0   -0.1    0.0   62.7   16.2    0.0    0.0    0.0   -1.0
      16    1.8    0.9    9.6    0.0    0.0   23.2   64.1    0.0  109.3    0.0    0.0    0.0
      17    0.0   -0.1    0.6    0.0    0.0    0.0   35.3    0.0    1.0    0.0    0.0    0.0
      18    0.0    0.0    1.6    3.6    0.0    9.6    0.4   -0.1    4.8    0.5    0.0    2.8
      19    0.0    0.0    3.7    0.4    0.5    0.0   -0.1   38.4    0.0   -1.0    0.0    8.0
      20    0.0    0.8    1.2    5.4    0.0    0.0    0.0    0.0    0.0    0.0    0.0   13.6
      21   -0.1   25.8    0.0    4.7    0.0    1.0    3.6   -0.1    0.0    0.0    0.0    0.2
      22   18.7    1.0    0.0    1.8   10.4   -0.1   31.0    0.0   15.0    0.0    0.0   32.3
      23    0.0    0.0    0.0    0.0    0.0    0.3   21.0    6.1    0.5    0.0    0.0   43.0
      24    0.0    0.0    0.0   18.0    0.0    0.0   15.3    0.0    0.2    0.0    0.6   -1.0
      25    0.5    0.0   -0.1   -0.1    0.7    1.3    6.6    3.0   43.8    0.0    0.0    1.1
      26    0.0    0.0   16.9    0.0    0.0    0.0    0.0   14.6    0.0    0.0    0.0    2.2
      27    0.0    1.0   -0.1    0.0    0.0    5.2    0.0   45.6    0.0    0.0    0.0    0.0
      28   10.6   34.6    0.0    0.0    3.7    0.2   -0.1   13.1    0.0    0.0    0.0    0.0
      29    6.8    5.4    0.0    0.0    0.0   65.1   28.2    0.0    0.0    0.0    0.0    0.0
      30    0.0    8.3    0.0    0.0    0.0    0.0    7.7    0.0    0.0    0.0    0.0    0.0
      31   -0.1    6.4    0.0          -0.1     79   30.6    0.0           0.0           0.0


