FREE
COL
MURREE    PH3 1
1980 1 1 0 1 31 12 1 0
      31     29     31     30     31     30     31     31     30     31     30     31
    41.2    0.0    0.0    0.0    0.0    0.0    0.0    0.0   13.5    0.0    1.8    0.0
    14.5    0.0    0.0    0.0    0.0    0.8    0.0    0.0    8.4    0.0    1.3    0.0
    18.0   45.0    0.0   13.0    0.0    5.8    0.8   16.4    0.0    0.0    0.0    0.0
     0.0    7.5    0.8    0.0    0.0    0.0   -1.0   12.8    0.0    0.0   -1.0    0.0
     0.0   16.5    6.3    0.0    0.0    0.0   14.7   15.4   16.0    0.0    0.8    0.0
     0.0    0.0   39.0    0.0    6.9    0.0    4.8   12.3    0.0    0.0    0.0    0.0
     0.0    0.0    2.0    0.0    0.0   10.9    0.0   10.2    0.0    0.0    0.0    0.0
     0.0    1.3    0.0    0.0    0.0    0.0    0.0    1.3    0.0    0.0    0.0    0.0
     0.0   -1.0   14.8    0.0    0.0    0.0   11.4   16.0    0.8    0.0    0.0    0.0
     0.0    0.0    2.0    0.0    0.0    0.0    0.0    1.0   27.5   20.2    0.0    0.0
     0.0    0.0    4.1    0.0    1.3    0.0    8.4   48.3    2.8    3.1    0.0    0.0
     0.0    0.0    8.8    0.0    0.8    0.0   23.1    0.0    0.0    0.3    0.0    0.0
     0.0    0.0    0.8    0.0    0.0    0.0   45.2    0.0    0.0    0.0    0.0    0.0
     0.0    0.0    0.0    9.6    0.0  100.3   21.8    0.0    0.0    0.0    0.0    0.0
     0.0   19.6    7.6    0.0    9.9   16.8    4.3    0.0   15.5    0.0    0.0    0.0
    10.0   17.7    1.3    0.8    0.8    0.0    4.6    0.0    1.3    0.0    0.0    0.0
     0.0    9.5    0.0    0.0    0.0   16.0   -1.0    0.0    0.0    0.0    0.0    0.0
     0.0    0.0   32.5    0.0    0.0    0.0    0.0   83.8    0.0    0.0    0.0    0.0
    30.4    0.0    2.8    0.0    0.0    0.0    4.6    0.0    1.3    0.0    0.0    0.0
     0.0   -1.0    0.0    0.0   -1.0    0.0    7.6    0.0    0.0    0.0    0.0    0.0
     0.0   11.2    3.8   -1.0    0.0    0.0    0.0    0.0    0.0    0.0    0.0    0.0
     0.0    6.1   41.1    0.0    0.0    0.0    0.0    0.0    0.0    0.0    0.0    0.0
     0.0    7.8    0.0    0.0    0.0   20.1    4.6    0.0    0.0    0.0    0.0    8.4
     0.0    0.0    5.8    0.0    0.0   -1.0    0.0   44.2    0.0    0.0    0.0    7.9
    -1.0    0.0    0.0    0.8    0.0   71.1    7.9    0.0   59.1    0.0    0.0    1.5
    11.3    0.0    1.0    0.0    0.0   51.6   29.7    5.8    0.0    0.0    0.0   22.8
     7.0    0.0    0.0    0.0    0.0   14.2   52.0    8.4    0.0    0.0    8.1    6.6
     1.3    6.1    0.0    0.0    0.0   11.2   20.1    0.0    0.0    0.0    0.0    0.0
     1.0   22.1   33.6    0.0    0.0    0.0    0.0    0.0    0.0   -1.0    0.0    0.0
     0.0    0.0    4.0    0.0    0.0    0.0   44.8    4.9    0.0   10.2    0.0    0.0
     0.0    0.0    0.0    0.0    4.1    0.0   40.6    1.3    0.0   13.2    0.0    0.0

