




  MURREE 93

          JAN   FEB   MAR   APR   MAY   JUN   JUL   AUG   SEP   OCT   NOV   DEC
  DATE   _______________________________________________________________________
      1  51.0   0.0  30.0   0.0   1.5  32.5   0.0   2.0  19.0   0.0   0.0   1.0
      2   2.0   0.0  10.0   0.0   0.0   0.0   4.5   9.0   0.0   0.0   0.0   0.0
      3  16.0   0.0   0.0   3.0   0.0  25.0  -1.0   7.0  18.0   0.0   0.0   0.0
      4   0.0   0.0  20.0   0.0   0.0   0.0   5.0   7.0  43.0   0.0   0.0   0.0
      5   0.0   0.0   0.0   0.0   0.0   0.0   1.0   0.0   2.0   0.0   0.0   0.0
      6  75.0   0.0   0.0   0.0   0.0   0.0   6.0  22.0   0.0  30.0  12.0   0.0
      7  25.0   0.0   0.0   0.0   0.0   0.0   0.0   6.6   4.0   0.0  43.0   0.0
      8   1.0   0.0   0.0  -1.0  -1.0   0.0  31.0   0.0   0.0   0.0   0.0   0.0
      9   1.0   0.0   0.0   0.0   6.0   0.0  20.0   0.0  -1.0   4.0   4.0   0.0
     10   2.0   0.0   0.0   0.0  24.0   0.0 115.0  12.0   0.0   0.0   0.0   0.0
     11   6.3   0.0  50.0   0.3  10.0   0.0   0.0   0.0   5.0   0.0   0.0   0.0
     12   4.0  -1.0  75.0   5.0   0.0   0.0  33.0   0.0   0.0   0.0   0.0   0.0
     13   0.0   0.0  20.0   7.0   0.0   0.0   0.0   0.0   2.0   0.0   0.0   0.0
     14   0.0   0.0  25.0   2.0   0.0   0.0   0.0   0.0   0.0   0.0   0.0   0.0
     15   0.0  -1.0   8.0  19.0   5.0  48.0  10.0   2.0   0.0   0.0   0.0   0.0
     16  33.0  15.0   5.0   5.0   8.0  -1.0  17.0   0.0   0.0   0.0   0.0   0.0
     17  34.0  70.0   0.0   0.0  -1.0   0.0  14.0  29.5   0.0   0.0   0.0   0.0
     18   0.0  22.0   0.0   0.0   5.0   7.0   0.0   0.0   0.0   0.0  20.0   0.0
     19   0.0  26.0   0.2   0.0   0.0   7.0   5.0   0.0   0.0   0.0   0.0   0.0
     20   0.0   6.0   0.0   0.0   0.0   0.0   0.0  10.0   0.0   0.0   0.0   0.0
     21  20.0  20.0  25.0   0.0   0.0   0.0   0.0   0.0   0.0   0.0   0.0   0.0
     22   0.0   0.0   0.0   0.0   0.0   0.0  20.0   0.0   0.0   0.0   0.0   0.0
     23   0.0   0.0  55.9   0.0   0.0   0.0  68.0   0.0  13.0   0.0   0.0   0.0
     24   0.0   0.0  50.0   0.0   0.0  74.0  12.6   0.0   0.0   0.0   0.0   0.0
     25   0.0  50.0   2.5   0.0   0.0  55.0  16.8  12.0   0.0   0.0   0.0   0.0
     26   0.0  40.0   2.8   0.0   0.0   3.0   0.0   0.0   0.0   0.0   0.0   0.0
     27   0.0  18.0   3.8   0.0   0.0  73.0   0.0   0.0   0.0   0.0   0.0   0.0
     28   0.0   0.0   0.0   0.0   0.0   0.0   0.0   0.0   4.0   0.0   0.0   0.0
     29   0.0         0.0   0.0   0.0   0.0   0.0   0.0   0.0   0.0   0.0   0.0
     30   0.0         0.0  -1.0   6.5   0.0   0.0   0.0   0.0   0.0   0.0   0.0
     31   0.0         3.0         2.0         0.0   0.0         0.0         0.0


