
  DAILY TOTAL RAIN  IN M.M
  MURREE 1987
                JAN      FEB      MAR      APR      MAY      JUN     JULY      AUG      SEP      OCT      NOV      DEC

      DATE  -------- -------- -------- -------- -------- -------- -------- -------- -------- -------- -------- ------------
         1      0.0      0.0      0.0      0.0      6.8      0.0      0.0      0.0     49.8      0.0      0.0      0.0
         2      0.0      0.0      0.0     16.5      2.9      0.0      0.0      0.0      0.0     47.4      0.0      5.8
         3      0.0      0.0      0.0     43.5      2.5     54.0      0.0      0.8      0.5       TR      0.0      0.0
         4      0.0      0.0      0.0     14.9      0.0      5.5      0.0      0.0      0.0      0.4      0.0      0.0
         5      5.7      0.0       TR      0.0      7.0      0.0      0.0      0.0      0.4      0.0      0.0      0.0
         6      2.1      0.0     24.9      0.0      0.0      0.0      2.8      0.0      8.0      0.0      0.0      0.0
         7      0.0      0.0      5.9      1.4      0.0      0.0      3.1      3.0       TR      0.0      0.0      0.0
         8       TR      7.3     10.4      1.6     56.8      0.0      1.4     40.0      0.0      0.0      0.0      0.0
         9      0.4     21.1      6.5     12.1     14.2     31.0      0.0      0.0     37.5      0.0      0.0      0.0
        10      0.0      0.0      4.8      8.4     36.4      0.0      8.0      0.0     18.6     65.3      0.0      0.0
        11      0.0      0.0      0.0      0.0     11.0      0.0      1.1      0.0       TR     58.8      0.0      0.0
        12      0.0      0.0      2.9      0.3      0.0      0.0     47.6       TR      0.0     18.8      0.0      2.0
        13     13.7      0.0     17.8      0.0     10.4      0.0      0.0      7.2      0.0       TR      0.0      0.0
        14      0.0      0.0      6.0      0.0     21.8      0.0      0.0      5.3      0.0      0.0      0.0      0.0
        15      0.0      0.0      1.5      0.0      0.0      0.0      0.0      5.7      4.7      0.0      0.0      0.0
        16      0.0      7.8     21.0      0.0       TR     11.7     33.4      0.0      0.0      0.0      0.0      0.0
        17      5.8     20.5      0.5      0.0      0.0      0.0      0.0     19.8      0.0      1.2      0.0      0.0
        18      0.0     16.2      0.0      0.0      0.0      0.0     23.4     64.7      0.0     15.2      0.0      0.0
        19      0.0      2.0      0.0      0.0      0.0      0.0     33.4      0.0      0.0      0.0      0.0      0.0
        20      0.0      0.0     14.7      0.0      5.3      1.2     13.6      0.0      0.0     31.8      0.0      0.0
        21      0.0      0.0     17.0      0.0     20.2     12.5      0.0       TR       TR      0.0      0.0      0.0
        22      0.0      0.0      6.4      0.0      6.6      0.0      0.0     57.3      0.0      0.0      0.0      0.0
        23      0.0      0.5     24.4     13.0     16.4      0.0      0.0      5.6      0.0      0.0      0.0      0.0
        24      0.0     28.2      0.0     14.7      1.6      0.0     10.7     37.9      0.0      0.0      0.0      0.0
        25      0.0     18.0      0.0      0.1      0.0      0.0     10.2     59.1      0.0      0.0      0.0      0.0
        26      0.0     11.2     18.0      0.0      0.0      7.0     11.6      1.2      0.0      0.0      0.0      0.0
        27      0.0      4.0       TR      0.0      0.0      0.0       TR     66.0      0.0      0.0      0.0      0.0
        28      0.0      0.0      0.0      0.0      0.0      0.0      0.0     36.5      3.8      0.0      0.0      0.0
        29      0.0               0.0       TR      0.0      0.0      0.0      0.0      0.0      0.0      0.0      0.0
        30      0.0               0.0       TR      0.4      0.0      0.0      0.0      0.0      0.0      0.0      0.0
        31      0.0               0.0               0.0               7.9     10.5               0.0                TR

     TOTAL     27.7    136.8    182.7    126.5    220.3    122.9    208.2    420.6    123.3    238.9      0.0      7.8
