  MURREE 1995
  TOTAL RAIN
              JAN      FEB      MAR      APR      MAY      JUN     JULY      AUG      SEP      OCT      NOV      DEC

  DATE      -------- -------- -------- -------- -------- -------- -------- -------- -------- -------- -------- --------
         1      0.0      0.0      0.0      8.0      0.0      0.0      0.0     10.0     20.0      0.0      1.0      0.0
         2      0.0      0.0      0.0      0.0      0.0      2.0      0.0     55.0      0.0      0.0      0.0      0.0
         3      0.0      0.0      0.0      0.0      1.0      0.0      0.0      0.0      0.0     25.0      0.0      0.0
         4      0.0      0.0      0.0      2.0     -1.0      0.0     14.0     25.9     19.0      0.0      0.0      0.0
         5      0.0      0.0      0.0      0.0      0.0      0.0     18.0      9.0      0.0      0.0      0.0      0.0
         6      0.0      0.0      0.0      0.0      0.0      0.0      0.0      0.0      0.0      0.0      0.0      0.0
         7      0.0     -1.0      0.0      0.0      0.0      0.0      0.0      1.0      0.0      0.0      0.0      0.0
         8      0.0      0.6      0.0      0.0      0.0      0.0     16.0     34.0      0.0      0.0      0.0      4.0
         9      9.5      0.0      0.0      6.0      0.0      0.0     23.0      0.0      0.0      0.0      0.0     14.0
        10     51.5      4.0      0.0     53.0      0.0      0.0      7.0     13.0      0.0      0.0      0.0      0.0
        11      0.0      3.0      0.0      0.0      1.0      0.0      8.0      2.0      9.0      0.0      0.0     17.8
        12      0.0     22.6     -1.0     30.0      0.0      0.0     20.0      0.0      0.0      0.0      0.0      0.0
        13      0.0     -1.0     -1.0      0.0      0.0      0.0      0.0      0.6      0.0      0.0      0.0      0.0
        14      0.0     -1.0      0.0      0.0      0.0      0.0      0.0     52.0      0.0      0.0      0.0      0.0
        15      0.0     24.0      0.0      2.0      0.0      0.0     32.0      0.6      0.0      6.0      0.0      4.0
        16      1.0      0.0     -1.0      7.0      0.0      0.0      0.0      0.0      0.0     15.0      0.0     17.7
        17     32.7      0.0      0.0     22.0      0.0      0.0      0.0     16.0      0.0      0.0      0.0      0.0
        18      0.0     23.8      0.0     10.0      0.2      0.0      0.0     27.0      0.0      0.0     23.0      0.0
        19      0.0      0.0      0.0     21.0     24.6      0.0     76.0     12.0      0.0      5.0      0.0      0.0
        20      3.0      5.0      0.4      1.0     16.0     26.0      9.0      0.0      0.0      0.0      0.0      0.0
        21      3.0      0.0      0.0      0.0     11.6     20.0     57.0     28.0      0.0      0.0      0.0      0.2
        22      2.1      0.0      4.0     18.0     16.0     24.0      0.1      2.0      0.0      0.0      0.0      5.0
        23      0.0      0.0     17.0      1.0     20.0      0.0      6.0      0.0      0.0      0.0      0.0      0.0
        24      0.0      0.0     31.0      1.0      0.0      8.0      0.0      0.0     15.5      0.0      0.0      0.0
        25      0.0      0.0     26.0      6.0      4.0      0.0     30.0      1.0      0.0      0.0      0.0      0.0
        26      0.0     -1.0     50.0      3.0     16.0      0.0     70.0      0.0      0.0      0.0      0.0      0.0
        27      5.0     10.2     15.0      1.0      0.0      0.0     26.8      0.0      0.0      0.0      0.0      0.0
        28      2.6     18.2     73.0      0.0      0.0      0.0     37.3      1.0      0.0      0.0      4.0      0.0
        29      0.0              35.0      1.0      0.0      0.0     60.0      3.6     15.0      0.0     29.2      0.0
        30      0.0               8.0      1.0      0.0      0.0      0.0      3.0      9.0      0.0      0.0      0.0
        31      0.0              25.2               0.0               0.0      1.0               4.0               0.0

