

  DAILY TOTAL RAIN
  MURREE 2005  ( trace mean unmeasureable amount )
              JAN      FEB      MAR      APR      MAY      JUN     JULY      AUG      SEP      OCT      NOV      DEC

       DATE -------- -------- -------- -------- -------- -------- -------- -------- -------- -------- -------- --------
         1     17.4      0.0      0.0      0.0      1.0      0.0     68.0        TR     0.0      0.0      0.0      0.0
         2      1.3      0.0     29.0      0.0      4.0      0.0     15.0      0.0      0.0      0.0      0.0      0.0
         3      0.0        TR       TR     0.0     20.0      0.0      0.0      0.0      0.0      0.0      0.0      0.0
         4      0.0     11.3      2.5      0.0     15.0      0.0        TR     6.2      0.0      0.0      0.0      0.0
         5      0.0     15.1      2.5      0.0      1.8      0.0      1.0     24.5      0.0      0.0      0.0      0.0
         6      0.0     48.2      0.6        TR     0.5      0.0      6.0      4.3      0.0      0.0      0.0      0.0
         7      0.0     37.5      0.0        TR     0.0     13.5      1.0      3.1      6.0      0.0      0.0      0.0
         8      0.0      1.3        TR     0.0      5.0      1.3        TR    17.9        TR     0.0      0.0      0.0
         9      0.0     20.0      0.0      0.0        TR     0.0      2.0      7.1     18.0     18.0      0.0      0.0
        10        TR    48.0     26.0      0.0      0.0        TR     0.0      0.0      1.0      0.0      0.0      0.0
        11      0.0     53.0      3.0        TR     0.0      0.0     30.7      0.0     10.0      0.0      1.0      0.0
        12      0.0     57.0      0.0      0.0      0.0      0.0     16.2     32.0      0.0     16.0      1.0      0.0
        13      0.0      6.0      0.0      0.0      0.0      2.0     43.3      5.0      5.0      0.0      0.0      0.0
        14      1.3      0.0      0.0      2.0      0.0      3.0      2.0      0.0      0.0      0.0      0.0      0.0
        15      0.0        TR     0.0      2.0      0.0      0.0      1.5      0.0      0.0      0.0      0.0      0.0
        16      0.0     15.0      2.0      0.0      0.0      3.0      7.5     34.2      0.0     37.0      0.0      0.0
        17      0.0        TR     6.0      0.0      0.0      5.0      3.0        TR     0.0     21.0      0.0      0.0
        18      0.0     15.0     22.2      0.0      0.0      0.0      0.0     18.0     71.0      0.0      0.0      0.0
        19        TR    42.5     35.0      0.0      1.0      7.6      0.0      0.0      0.0      0.0      0.0      0.0
        20      0.0     17.5      1.5      0.0      2.9      0.0      1.0      0.0      0.0      0.0      0.0      0.0
        21      7.5      0.0      2.0      0.0        TR     0.0      3.0      0.0      0.0      0.0      0.0      0.0
        22     92.5        TR    32.0      0.0      0.0      0.0     17.5      0.0      0.0      0.0      0.0      0.0
        23     22.5      0.0        TR     1.0      4.0      0.0      2.0      0.0      0.0      0.0      0.0      0.0
        24      0.0      0.0      9.5      3.5      0.0      0.0      0.0      2.5      5.0      0.0      0.0      0.0
        25      5.0        TR       TR     1.0      0.0      0.0        TR       TR     0.0      0.0      0.0      0.0
        26      0.0      0.0      0.0     11.0        TR     0.0      0.0      0.0      0.0      0.0      0.0      0.0
        27      1.3      0.0     15.0     10.2      0.0     18.5     14.0     10.0      0.0      0.0      6.6      0.0
        28     62.9        TR     4.0      1.0      0.0      0.0      2.0      0.0      0.0      0.0      7.1      0.0
        29      0.0               0.0      0.0        TR    10.0      0.0      0.0      0.0      0.0      0.0      0.0
        30      0.0    387.4      0.0        TR       TR    34.5      7.0      0.0      0.0      0.0      0.0      0.0
        31        TR              0.0               6.8               0.0      0.0               0.0               0.0
