




  DAILY TOTAL RAIN   ( IN M.M )
  MURREE 2007
                JAN      FEB      MAR      APR      MAY      JUN     JULY      AUG      SEP      OCT      NOV      DEC

      DATE  -------- -------- -------- -------- -------- -------- -------- -------- -------- -------- -------- ------------
         1      0.0      0.0      2.5     12.0      0.0      0.0     12.0      9.1      0.4      0.0      0.0      1.0
         2      0.0      0.0      0.0      4.1      0.0      0.0      8.8      0.3      1.0      0.0      0.0      0.0
         3      0.0      0.0      0.0      0.0      0.0     20.9      9.0      1.0      0.0      0.0      0.0      0.0
         4      0.0      7.0      7.8      0.0      0.0      6.3      0.0      0.0      0.0      0.0      0.0      0.0
         5      0.0      0.0     10.2      0.0       TR      0.0      0.0      0.0      3.0      0.0      0.0      0.0
         6      0.0       TR      0.0      0.0      0.0      1.0     18.0      5.7       TR      0.0      0.0      0.0
         7      0.0      2.3      0.0      0.0      0.0      0.0      1.0      0.0     13.8      0.0      0.0      0.0
         8      0.0      0.0      0.0       TR      4.8      0.0     43.0      0.0      3.0      0.0      0.0      0.0
         9      0.0      0.0      0.8      0.0      0.0      0.0      0.0       TR      1.0      0.0      0.0      0.0
        10      0.0      7.6      3.7      0.0      0.0      0.0      0.0      0.0     14.0      0.0      0.0      2.5
        11      0.0     31.3      5.5      0.0      0.0      0.0      0.0      0.0      8.0      0.0      0.0      1.3
        12      0.0     31.1     35.3      0.0      0.0      0.0      0.0      0.0      0.0      0.0      0.0      5.1
        13      0.0     13.5     20.7      0.0      0.0      0.0      5.0      5.8      0.0      0.0      0.0      1.3
        14      0.0      5.0     13.2      0.0      0.0      6.5      0.0     68.0      0.0      0.0      0.0     11.4
        15      0.0       TR      7.6      0.0      0.0     25.0      4.2     20.0     18.0      0.0      0.0      0.0
        16      0.0      5.1      0.0      0.0      9.0      0.0      4.0      0.0     15.4      7.0      0.0      0.0
        17      0.0       TR      0.0      0.0      0.0     15.0      0.0      0.0      3.2      0.0      0.0      0.0
        18      0.0      2.5      1.9      9.4      0.0     13.4      2.5      0.0     12.1      0.0      0.0      0.0
        19      5.1      5.1      0.0      0.0     30.0      0.0      0.0      0.0      0.0      0.0      0.0      0.0
        20      0.0      0.0     68.7      5.8      7.0     17.3     35.0     10.0      0.0      0.0      0.0      0.0
        21      0.0      3.5     35.8      0.0      0.0      0.0     58.0      4.0     82.3      0.0      0.0      0.0
        22      0.0     16.0     22.7      0.0      0.0      0.0     35.0      4.0     20.7      0.0      0.0      0.0
        23      0.0      0.0      0.0      2.0      0.3       TR     47.0      1.0      2.5      0.0      0.0      0.0
        24      0.0      0.0      0.0      0.0       TR      2.7     33.0     19.0      0.0      0.0      0.0      0.0
        25      0.0      0.0      0.0      0.0      2.0      0.0      0.0      0.0      0.0      0.0      0.0      0.0
        26      0.0      0.0      0.0      0.0      0.7     57.4      3.0      3.4      0.0      0.0      0.0      0.0
        27       TR     25.4      0.0      0.0       TR       TR     18.0       TR      0.0      0.0      0.0      0.0
        28      0.0     20.1      0.0      0.0      1.0      1.0      1.0      0.0      0.0      0.0      0.0      0.0
        29      0.0               0.0      0.0      6.5     28.0     24.0      0.0      0.0      0.0      0.0      0.0
        30      0.0               0.0      0.0      0.0     48.3      6.0      0.0      0.0      0.0     17.5      0.0
        31      0.0               0.0               1.3               0.6      0.0               0.0               0.0
