  DAILY TOTAL RAIN
  MURREE 2003
              JAN      FEB      MAR      APR      MAY      JUN     JULY      AUG      SEP      OCT      NOV      DEC

       DATE -------- -------- -------- -------- -------- -------- -------- -------- -------- -------- -------- --------
         1      0.0      0.0      8.5      0.0      7.0      0.0     11.4      9.8      0.0      0.0      0.0      0.0
         2      0.0     38.0     84.0      1.0      1.0      0.0      0.0      2.2      0.0      0.0      0.0      0.0
         3      0.6      0.0      2.5      6.1      0.0      0.0      0.0     13.0      0.0      0.0      0.0      0.0
         4      0.0      0.0     20.2     -1.0      0.0      0.0      0.0      5.0     25.0      0.0      0.0      0.0
         5      0.0      0.0      0.0      0.0      0.0      0.0      6.0      6.0      0.0      0.0      0.0      0.0
         6      0.0      0.0      0.0      0.0      0.0      0.0     42.3      0.0      0.0      0.0      0.0      0.0
         7      0.0      1.3      0.0      0.0     -1.0      0.0     32.0      0.0      0.0      0.0     -1.0      0.0
         8      0.0      4.9      0.0      0.0      0.0      0.0      0.0      1.0     -1.0      0.0      0.0      0.0
         9      0.0      0.0      0.0      0.0      0.0     10.3     16.0      0.0      5.8      9.0      1.0     -1.0
        10      0.0      0.0      1.0      0.0      0.0      1.0      0.0     17.6      0.3      0.0      0.0      7.0
        11      0.0      0.0      0.0      0.0      0.0      0.0      1.0      0.0      4.0      0.0      0.0      0.0
        12      0.0      0.0      0.0      0.0      0.0     25.0      0.8      0.0      0.0      0.0      0.0      0.0
        13      0.0      0.0      0.0      0.0      1.2     -1.0     17.0      0.0      4.0      0.0      0.0     12.0
        14      0.0      0.0      0.0      3.0      0.0      0.0      0.0      0.0      0.8      0.0      0.0     24.0
        15      0.0      0.0      0.0      3.0      1.0      0.0      0.0      1.0     25.0      0.0      0.0     16.0
        16      0.0      3.0      0.0     39.0      0.0      0.0     14.0      0.0      1.0      0.0      0.4      3.0
        17      0.0     45.5      0.0      0.0      0.0      0.0      0.2      1.0      1.0      0.0     17.0      0.0
        18      0.0    122.0      0.0      0.0      0.0      5.0      3.3      1.0      0.0      0.0     15.0      0.0
        19      0.0    121.2     -1.0     18.5      0.0      0.0      0.0     92.0      0.0      0.0      0.0      0.0
        20      0.0     22.5      0.0     17.0      0.0      6.0      0.0      4.0      0.0      0.0      0.0      0.0
        21      0.0      5.0      0.0      0.0     -1.0     28.8      7.3      4.0      0.0      0.0      0.0      0.0
        22      0.0      0.0      0.0      0.0      0.0      0.0      1.0      0.0      0.0      0.0      0.0      0.0
        23      0.0      2.0     -1.0      0.0      8.0      3.9      0.0      0.0      0.0      0.0      0.0      0.0
        24      0.0      9.6      0.0      0.0      1.0      0.0      0.0      0.0     15.0      0.0      0.0      7.6
        25      0.0      0.0      0.0      0.0      0.0      0.0      6.8      0.0     49.0      0.0      0.0      0.0
        26      0.0      4.0      0.0      2.0     15.0      0.0      0.0      5.8      4.0     -1.0      0.0      0.0
        27      1.0      5.0      0.0      0.0      0.0      8.0     29.0     17.0     -1.0      0.0      0.0      0.0
        28      2.2     16.5      0.0      0.6     -1.0     11.0      2.0      7.5      0.0      0.0      0.0      0.7
        29     11.6              39.0      0.0      0.0      0.0      3.0      0.0     -1.0      0.0      0.0      0.0
        30      5.1               8.0      0.0      0.0      1.0      3.0      8.0      0.0      0.0      0.0      0.0
        31     27.6              13.0               0.0               0.0      0.5               0.0               0.0
