
  DAILY TOTAL RAIN
  MURREE 1999
              JAN      FEB      MAR      APR      MAY      JUN     JULY      AUG      SEP      OCT      NOV      DEC

       DATE---- -------- -------- -------- -------- -------- -------- -------- -------- -------- -------- --------
         1      0.0      0.0      0.0      0.0     -1.0      0.0     28.0     52.3     36.0      0.0      0.0      0.0
         2      0.0      0.0      0.0      0.0      0.0      0.0     38.0      4.8     25.0      0.0      0.0      0.0
         3      0.0      0.0      0.0      0.0      0.0      7.3     21.0      0.0      0.0      0.0      0.0      0.0
         4      0.0      0.0      0.0      0.0      0.0     21.0      1.3     28.0      0.0      0.0     37.0      0.0
         5      0.0      0.0     30.2      0.0     -1.0      0.0      0.0      4.6     16.0      8.0     29.0      0.0
         6      6.0      0.0     22.8      0.0      0.0      0.0      3.0     37.3     16.3      2.0     16.0      0.0
         7     39.5      0.0     33.4      0.0      0.0      0.0      0.4     31.0      0.0      0.0     10.0      0.0
         8     19.0      0.0     84.4      0.0     14.8      0.0      0.0      0.0      0.0     23.0      0.0      0.0
         9      3.0      0.0     25.0      0.0     -1.0      0.0      0.0      8.6     10.0      0.0      0.0      0.0
        10      0.0      0.0      0.0     -1.0      0.0      0.6      0.0     24.0      0.0      0.0      0.0      0.0
        11      0.0      0.0      0.0      0.0      0.0      0.0     42.0      2.7      0.0      0.0      0.0      0.0
        12      2.0      0.0      0.0     10.0     11.0      0.7     23.5      8.0      0.0      2.0      0.0      0.0
        13      0.0      0.0      0.0      2.0      6.3      0.0      0.0     29.5      0.0      0.0      0.0      0.0
        14      0.0      0.0      0.0      0.0      0.0      6.7      0.0      0.0      0.0      0.0      2.0      0.0
        15      0.0      0.0      0.0      0.0      0.0      0.0      0.0      0.0      0.0      0.0      0.0      0.0
        16      0.0      0.0      0.0      0.0      0.0      0.0      0.0      0.0     -1.0      0.0      0.0      0.0
        17      0.0      0.0      1.0      0.0      0.0      0.0     61.0      0.0     10.0      0.0      0.0      0.0
        18      0.0      0.0      2.0      0.0      5.0      0.0     22.0      0.0      0.0      0.0      0.0      0.0
        19      0.0      0.0     -1.0      0.0      0.0      0.5     29.0      0.0      0.0      0.0      0.0      0.0
        20      2.0      0.0      7.3      0.0      0.0     12.0     12.0     20.5     39.0      0.0      0.0      0.0
        21     34.2      0.0      0.5      0.5      0.0      0.0      3.0      6.0      0.0      0.0      0.0      0.0
        22      5.0      0.0      0.0     -1.0     16.0      1.0     42.0     -1.0      0.0      0.0      2.0      0.0
        23     15.1      0.0      0.0      0.0      0.0      0.0      0.0      1.4      0.0      0.0      2.0      0.0
        24     25.0      0.0      6.0      0.0      5.3      0.0      0.0      0.0     38.0      0.0      0.0      0.0
        25     32.0      0.0      5.0      0.0      0.0     15.0     30.0     25.0     14.0      0.0      0.0      0.0
        26      0.0      0.0      3.6      0.0      0.0      0.0      0.0    122.0      0.0      0.0      0.0      0.0
        27      7.6      0.0      0.0      0.0      0.0      0.0      0.0      1.0      0.0      0.0      0.0      0.0
        28     25.7      0.0      0.0      0.0      0.0      0.0      0.0      0.0      0.0      0.0      0.0      0.0
        29      0.0               0.0      0.0      0.0      1.3      5.2      0.0      0.0      0.0      0.0      0.0
        30      1.0               0.0      0.0      0.0      1.0     10.2      1.8     35.0      0.0      0.0      0.0
        31     20.2               0.0              -1.0              12.7      3.0               0.0               0.0
