




  MURREE 82

           JAN    FEB    MAR   APR   MAY   JUN   JUL   AUG    SEP    OCT    NOV    DEC
  DATE   __________________________________________________________________________
      1    0.0    0.0   14.6   0.0   0.0   0.0   4.6  13.1    0.0    0.0    0.0   -1.0
      2    0.0    0.0   18.5   4.4   0.0  10.6   0.0   0.0    0.0    0.0    0.0   11.0
      3    0.0    6.4    8.6   0.0  -1.0   0.0   0.0   0.0    0.0    0.0    0.0    5.3
      4    0.0   10.2    0.0   0.0   0.0   0.0   0.0   0.6    0.0    0.0    0.8    0.0
      5   15.1    0.0   25.4  -1.0   0.0   0.0   1.8   3.4    0.0    0.0    0.0    0.0
      6    0.0    0.0   36.1   0.0   0.0   0.0   1.3  13.0    0.0    0.0    0.0    0.0
      7    0.0    3.8    4.1   9.4   1.6   0.0   9.5  96.5    0.0   -1.0    0.0    0.0
      8    0.0   20.3    0.0   0.0   0.8   0.0   0.0   9.2    0.7    0.0    0.0    9.2
      9    0.0    0.0    5.8   0.0   0.0   0.0   0.0  44.1    0.0    0.0    0.0   15.3
     10    0.0    0.0   47.0   0.0  13.5   0.0   6.7  12.7    0.0    0.0    0.0   15.4
     11    0.0   19.9   51.0   0.0  16.0   0.0   0.0  13.8    3.1    0.0    0.0    0.0
     12    0.0   -1.0    0.0   0.0   0.0   0.0   0.0   9.1    0.0   34.7    0.0    0.0
     13    0.0    2.0    0.0   0.0  -1.0   0.0   4.7   1.3    0.0    0.0    0.0    1.1
     14    0.0    0.0    0.0   0.0   1.6   0.0   0.0   0.0    2.6    0.0    0.0    0.0
     15    0.0    0.0    0.0   0.0   9.5   5.3   0.0   0.0    0.0    0.0    0.0    0.0
     16    0.0    4.8    0.0  17.8   0.0   0.0   0.0  38.2    0.0    0.0   68.6    0.0
     17    0.0   -1.0   37.0  42.9   0.0  19.2   4.1   0.7    0.0    0.0    7.3    0.0
     18    0.0   -1.0    0.0   4.3   0.0  18.3   0.0   0.7    0.0    0.0    6.0    0.0
     19    0.0    7.9    0.0   4.3  14.8  24.6  70.3   6.9    4.1    0.0    0.0    0.0
     20    0.0   31.0    0.0  20.0   0.0   0.0  16.5   9.6    0.0    0.0    0.0    0.0
     21    0.0   24.4    4.8   2.0   0.0   0.0   0.0   9.6    4.9    0.0    0.0    0.0
     22   82.5    0.0   20.6   0.0   0.0   0.0   0.0   0.0    0.0    0.0    0.0    0.0
     23   49.5    0.0    7.0   0.0   0.0   0.0  22.8   0.0    0.0    0.0    0.0    3.6
     24    0.0    0.0   23.6   0.0  33.4   2.1  33.1   3.9    0.0    0.0    0.0    0.0
     25    0.0    0.0    1.3  16.3   0.0   1.7   4.5  45.8    0.0    2.5    0.0    0.0
     26   18.0    0.0    0.0   1.6   0.0   0.0   0.0   0.0    0.0    1.6    0.0    0.0
     27    9.2    0.0    0.0  13.6   1.9   0.0   1.2   0.0    0.0    5.5    0.0    0.0
     28   12.7   20.2   -1.0  40.5   0.0   0.0   0.0   0.0    3.2   16.4    0.0    6.6
     29    2.8           0.0  20.6   0.0   0.0  25.0   0.0    0.0    0.0    0.0    8.7
     30    0.0           0.0   0.6  22.8   2.6   0.0  14.7    0.0    0.0    0.0    1.3
     31   51.6           0.0        12.2         0.0   0.0           0.0           0.0


