




  MURREE 81

           JAN    FEB    MAR   APR   MAY   JUN   JUL   AUG    SEP    OCT    NOV    DEC
  DATE   __________________________________________________________________________
      1    0.0    0.0   31.1   0.0   0.0   2.0   5.5   0.0    0.0    0.0    0.0    0.0
      2    0.0    0.0    2.8   0.0   0.0   0.0   1.8   0.0    0.0   11.4    0.0    0.0
      3    4.3    1.8    0.0  24.4   0.0   0.0   6.6   0.0   48.0    0.0    0.0    0.0
      4   20.0   25.9    0.0  -1.0   0.0   0.0  15.2  15.3    0.0    0.0    0.0    0.0
      5   42.0   48.7    0.0   0.0  26.7   0.0  27.1   6.6    0.0    0.0    0.0    0.0
      6    0.0    8.7   49.5   0.0   4.1   0.0   1.4   7.3    0.0    0.0    0.0    0.0
      7    0.0    0.0   16.7   0.0   1.0   0.0   0.0   0.0    0.0    0.0    0.0    0.0
      8    0.0    0.0    0.0   0.0   3.8  17.1   0.0   0.0    0.0    0.0    0.0    0.0
      9    0.0    0.0    0.0   0.0  15.2  40.0  11.5   3.0    0.0    0.0    0.0    0.0
     10    0.0    0.0    0.0   0.0  11.6  11.6   6.0   8.0    0.0    0.0    0.0    0.0
     11    0.0    0.0   14.7   0.0  60.9   0.0   0.0   8.5    0.0    0.0    0.0    0.0
     12    0.0    0.0    2.0   0.0   0.0   0.0   0.0  26.5    0.0    0.0    0.0    0.0
     13    0.0    0.0    0.0   0.0   0.0   0.0   0.0   0.0    0.0    0.0    0.0    0.0
     14    0.0    3.8    4.6   0.0   0.0   0.0  41.0   2.0    0.0    0.0    0.0    0.0
     15    0.0   16.5   15.2   0.0   0.0   0.0   2.0   0.0    0.0    7.5    0.0    0.0
     16    0.0    6.4    6.9  17.3   0.0   0.0   5.0   2.6    0.0   17.5    0.0    0.0
     17    0.0    3.6   10.4   0.0   0.0   0.0  32.5   0.0    5.5    0.0    0.0    0.0
     18    0.0    0.0    0.0   0.0   0.0   0.0  24.0   0.0   29.6    0.0    0.0    0.0
     19    0.0    0.0    0.0   0.0   0.0   0.0   0.0   0.0    0.0    0.0    0.0    0.0
     20    0.0    0.0    7.1   0.0   5.1   0.0   0.0   0.0    0.0    3.8    0.0    0.0
     21    0.0    0.0   38.8   0.0   5.3   0.0   0.0   0.0    0.0    0.0    0.0    0.0
     22    0.0    0.0   15.1  45.5   0.0   0.0  13.4   0.0    0.0    0.0    0.0    0.0
     23    4.0    0.0    0.0  26.4   0.0   0.0   3.1   0.0    0.0    0.0    0.0    0.0
     24   50.9    0.0    0.0  11.9   0.0   0.0  81.8   0.0    0.0    0.0    0.0    0.0
     25   58.1   15.0    0.0   0.0   0.0  25.4  93.5   0.0    0.0    0.0    0.0    0.0
     26   13.7    0.0    8.2   0.0   0.0   0.0  13.5   0.0    0.0    0.0    0.0    0.0
     27    4.6    0.8    0.0   0.0   0.0   0.0   0.8  22.1    0.0    0.0    0.0    0.0
     28   15.0    3.8    0.0   0.0   0.0   0.0   2.0   0.0    0.0    0.0    0.0    0.0
     29    6.0          20.8   0.8   0.0   0.0   6.1  11.0    0.0    0.0    0.0    0.0
     30    6.6          52.9   8.6  17.8   0.0   1.8   0.0   29.4    0.0    0.0    0.0
     31    6.8          13.5        45.2         2.8   0.0           0.0           0.0


