
     DAILY TOTAL RAIN   ( IN M.M )
     MURREE 2009

                JAN      FEB      MAR      APR      MAY      JUN     JULY      AUG      SEP      OCT      NOV      DEC
      DATE  -------- -------- -------- -------- -------- -------- -------- -------- -------- -------- -------- --------
         1      0.0      0.0      0.0      0.0      0.0     14.0      0.0       TR    105.6      0.0      0.0      0.0
         2      0.0      0.0      0.0     30.0      0.0      5.0     25.0      2.0     10.9      0.0      0.0      0.0
         3      0.0      0.0       TR      2.0      0.0      2.0      1.6     19.0     40.0      0.0      0.0      0.0
         4     10.1      0.0     23.0      0.0     14.5      0.0      7.0      4.3      4.0     15.0      0.0      0.0
         5     17.4      7.0      6.0      0.0      6.5      2.0       TR      1.8      1.7      0.6      0.0      0.0
         6      0.0     27.5      0.0     13.0      6.5     21.0      0.0      3.0      0.0      0.0      0.0      5.2
         7      1.0       TR      0.0     62.0      0.0      2.0      0.0     56.0      0.0      0.0      0.0      0.0
         8       TR      0.0      2.7     12.0      0.0      0.0      0.0       TR      0.0      0.0      0.0      0.0
         9      0.0      0.0      0.0     31.0      0.0      0.0      3.1      0.0      0.0      0.8      9.1      0.0
        10       TR       TR      0.0     17.0      1.8      0.0      0.0      5.7      0.0      0.0      3.0      2.0
        11      0.0      7.9      0.0      0.0      0.0      0.0      0.0      2.4      0.0      0.0      1.3      0.6
        12      0.0       TR      0.0      0.0      0.0      0.0      0.0      0.0      0.0      0.0      0.0      0.0
        13      0.0      0.0      0.0      0.0      0.0      0.0      4.0      0.0      0.0      0.0      0.0      0.0
        14      0.0     26.5      0.0      0.0      0.0     14.0      0.0      0.0      0.0      0.0      0.0      0.0
        15      0.0      0.0      0.0     18.3      0.0      0.9      0.0     13.0      0.0      0.0      0.0      0.0
        16       TR      0.0      0.0      3.4      0.0      7.4      0.0      7.6     11.0      0.0      0.0      1.0
        17     14.7      0.0      0.0      0.0      0.0     17.6      0.0     33.0      0.0      0.0      0.0      0.0
        18      4.6      0.0      0.0      0.0      0.0      0.0     44.0       TR      0.0      0.0      0.0      0.0
        19     25.6      0.0      2.5      0.0      0.0      3.2      2.6      1.0      0.0      0.0      0.0      0.0
        20      0.0      5.6      0.0       TR       TR      0.0      0.0      0.0      0.0      0.0      0.0      0.0
        21      0.0     11.2      6.0     13.0      0.0      0.0      7.0     10.0      0.0      0.0      0.0       TR
        22      0.0      0.0      0.0      7.0      0.0      0.0     14.0      1.0      0.0      0.0      0.0      0.0
        23      0.0      0.5      0.0      0.0      0.0      0.0     54.2      0.0      0.0      0.0      0.0      0.0
        24      0.0      9.3       TR      0.0      0.0      0.0       TR      0.0      0.0      0.0      0.0      0.0
        25      1.0      0.0     37.0      0.0      0.0      0.0      0.0      0.0      0.0      0.0      1.0      0.0
        26      4.0      0.0     20.0      0.0       TR      0.0      3.1      9.2      0.0      0.0       TR      0.0
        27     10.1      0.0      1.0      0.0      0.0      0.0      0.0      6.7      0.0      0.0      0.0      0.0
        28      3.8      0.0     17.2      0.0      0.0      0.0     23.0      0.0      0.0      0.0      0.0      0.0
        29      0.0              10.7      1.0      0.0      0.0      9.0      0.0      0.0      0.0      0.0      0.0
        30      0.0               6.5      0.0      0.0      8.0      6.0      0.0      0.0      0.0      0.0      0.0
        31      0.0                TR               0.0               4.6    17.40               0.0               0.0
