




  MURREE 92

            JAN    FEB    MAR    APR    MAY    JUN    JUL    AUG    SEP    OCT    NOV    DEC
  DATE    __________________________________________________________________________
       1    0.0    0.0    0.0    0.0   31.5    0.0    7.3    0.5    0.0    0.0    0.0    0.0
       2    0.0    0.0    0.0    0.0    0.0    0.0   15.8    0.0   24.0    0.0    0.0    0.0
       3    0.0    7.0    0.0    0.0    9.0    8.0   14.5   38.0   39.0    0.0    0.0    0.0
       4    6.0    0.0    0.0    4.0    5.5    0.0    2.6   12.1    3.0    0.0    0.0    0.0
       5    0.0    0.0    0.0    0.0   20.0    0.0    2.0   23.0   -1.0    0.0    0.0    0.0
       6    0.0   27.0    5.0   12.0    0.0    0.0    0.0   30.0    6.0    0.0    0.0    0.0
       7    0.8   48.0    0.0   11.0    0.0    0.0    0.0    0.0   28.3    0.0    0.0    0.0
       8    9.0    0.0    0.0    0.0    0.0    0.0    0.0   -1.0    2.3    0.0    0.0    0.0
       9    0.0    0.0    0.0    0.0    9.0    0.0   40.5    5.2  147.9    0.0    0.0    0.0
      10   10.0    0.0    0.0   30.0    4.0    0.0    2.0    0.0  255.0    0.0    0.0    0.0
      11   15.0    0.0    2.0    6.0    0.0   -1.0   48.0    0.0    0.0    0.0    0.0    0.0
      12    0.0    0.0    7.0    0.0    0.0    0.0  110.0    0.0    0.0    0.0    0.0    8.0
      13    0.0   65.0   40.0    0.0    0.0    0.0   30.1    0.0    0.0    0.0    0.0    0.0
      14    0.0    0.0   14.0    0.0    0.0    0.0   23.0    0.0    0.0    0.0    0.0    0.0
      15    0.0    0.0    0.0   -1.0    0.8    4.0   22.0   33.0   14.0    0.0    0.0    0.0
      16    0.0    0.0    0.0    0.0    0.0    0.0    1.0   23.8    3.5    0.0    0.0    0.0
      17    0.0    0.0    0.0    0.3   31.2    0.0    2.0   31.8    3.0    0.0    0.0    0.0
      18    0.0    0.0    0.0   14.0    0.0    0.0   10.0    1.0    0.0    0.0    0.0    0.0
      19    0.0    0.0    0.0    0.5    9.0    0.0   26.6    2.0    0.0   11.0    0.0    0.0
      20    0.0    7.0    2.0   12.7    0.0    0.0    9.8    0.0    0.0    0.0   54.0    0.0
      21    0.0    1.0    9.2    2.1    0.0    3.0    0.5    0.0    0.0    0.0    0.0    0.0
      22    0.0    1.5   12.0    6.2    0.0   14.1   12.1   10.0    0.0    0.0    0.0    0.0
      23   -1.0    0.0   36.0    0.0    0.0    3.1    0.0    0.0    0.0    0.0    0.0    0.0
      24   17.0    0.0   38.0    0.0    0.0    0.0   10.0    0.0    0.0    0.0    0.0    0.0
      25   12.5    0.0   15.6    0.0    0.0    0.0    5.0    0.0    0.0    0.0    0.0   -1.0
      26    5.0    0.0   49.0    0.0   10.0    0.0   49.7    8.0    0.0    0.0    0.0    0.0
      27   33.5    0.0   90.0    0.0    9.0    0.0    8.0   10.0    0.0    0.0    0.0    0.0
      28   18.0    0.0    0.0    0.0    2.0    0.5    4.0    4.3    0.0    0.0    0.0    0.0
      29   38.5    9.0   11.0    4.7    3.0    9.0    6.0    0.0    0.0    0.0    0.0    0.0
      30   88.8          12.0    0.0    0.0    0.0   29.7    0.0    0.0    0.0    0.0    0.3
      31   16.0          -1.0          11.0           8.0    8.5           0.0           6.0


