




  DAILY TOTAL RAIN   ( IN M.M )
  MURREE 2008
                JAN      FEB      MAR      APR      MAY      JUN     JULY      AUG      SEP      OCT      NOV      DEC

      DATE  -------- -------- -------- -------- -------- -------- -------- -------- -------- -------- -------- --------
         1      0.0      0.0      0.0      1.8      0.0      0.0      0.0      4.0      0.0      0.0      0.0      0.0
         2      0.0      0.0      0.0      0.7      0.0     13.5      0.0       TR       TR      0.0      0.0      0.0
         3      0.0     15.2      0.0      8.4      0.0      0.0      0.0     45.0      7.0      0.0      0.0      0.0
         4      0.0     17.8      4.3       TR      0.0      3.0     13.7     27.5      0.0      0.0      0.0      0.0
         5      1.3     15.8      4.6     27.0      0.0      0.0       TR      0.0      4.2      0.0      0.0      0.0
         6      8.8      0.0      0.0     42.5       TR      0.0     25.5      9.3     12.0     17.0      0.0      0.0
         7      7.6      5.0      0.0      0.0      0.0      4.0     35.2       TR      2.4     13.0      0.0      0.0
         8     11.0     60.9      2.7      4.5      0.0      3.0      4.8      0.0      0.0      6.0      0.0     14.0
         9     77.9      0.0      0.0      0.0      0.0     13.0      1.0     11.9      1.0      0.0      0.0     29.0
        10     23.7      0.0      0.0      6.0      2.0      2.0      0.0     19.8      0.0      0.0      0.0      0.0
        11     15.2      0.0      0.0      7.0     17.0      0.0       TR      4.4      0.0      0.0      0.0      0.0
        12      0.0      0.0      0.0      0.0      0.0      6.0      4.0     11.6      0.0      0.0      0.0      0.0
        13      0.0      0.0      0.0      0.0      8.5      2.0      1.0      7.4      0.0      0.0     18.2      0.0
        14      0.0      0.0      0.0      0.0      0.0      0.0      1.0      0.0      0.0      0.0     13.5      0.0
        15      0.0      0.0      0.0     10.1      0.0     59.2      1.0     15.7      0.0     51.4      0.0      0.0
        16       TR      0.0      0.0     23.6      2.0      9.7      0.0       TR      0.0      0.0      0.0      0.0
        17     29.0      0.0      0.0      1.0      0.0       TR     80.3      3.3     12.2      0.0      0.0      6.4
        18     65.8      0.0       TR      0.0      0.0      0.0      8.7       TR      0.0      0.0      0.0      3.3
        19      0.0      0.0       TR      0.0      0.0       TR      3.6      0.0      0.0      0.0      0.0      0.6
        20      0.0      0.0      0.0      0.0      0.0      3.5     16.5     10.0      0.0      0.0      2.5     51.5
        21      0.0      0.0      0.0      0.0      0.0      0.0      2.0      0.0      0.0      0.0      8.0     19.0
        22      0.0      0.0      0.0      0.0      0.0     34.5     31.5     40.0      0.0      0.0      0.0      0.0
        23      0.0      2.0      1.0      0.0     20.0      0.0      0.0      0.0      0.9      0.0      0.0      0.0
        24      0.0      2.0      0.0      0.0      0.0      0.0      0.0      2.0      0.0      0.0      0.0      0.0
        25      0.0      0.0      0.0      0.0      9.0      0.0      0.0      0.0      0.0      0.0      0.0      0.0
        26      0.0      0.0      0.0       TR      5.0      9.0     16.3      0.0      0.0      0.0      0.0      0.0
        27      0.0      0.0      0.0       TR      0.0     31.0      0.0      0.0      0.0      0.0      0.0      0.0
        28      0.0      0.0      0.0      0.0      3.2     25.0      0.0      0.0      0.0      0.0      0.0      0.0
        29      0.0      0.0      2.4      0.0      0.0      0.0      0.0      0.0      0.0      0.0      0.0      0.0
        30      0.0               0.0      0.0      0.0       TR       TR      6.0      0.0      2.0      0.0      0.0
        31      0.0              15.0               1.6              25.4      1.0               0.0               0.0
