
  DAILY TOTAL RAIN
  MURREE 1998
              JAN      FEB      MAR      APR      MAY      JUN     JULY      AUG      SEP      OCT      NOV      DEC

       DATE------- -------- -------- -------- -------- -------- -------- -------- -------- -------- -------- --------
         1      0.0      4.0      0.0      0.0      6.0      0.0     16.0      3.3      0.0      0.0      0.0      0.0
         2      0.0     13.0      0.0      7.0      0.0      0.0      5.6      0.0      0.0      0.0      0.0      0.0
         3      0.0      1.5     18.7      4.0      8.3      0.0      6.2      2.3     24.0      0.0      0.0      0.0
         4      0.0      0.0    100.0     18.9      0.0      6.0      0.0      0.0      4.5      0.0      0.0      0.0
         5      0.0      0.0     44.7      0.0      0.0     13.0      0.0      0.0      9.0      3.0      0.0      0.0
         6      0.0      0.0      4.0      0.0      4.3      0.0      6.2     26.0      0.0      0.0      0.0      0.0
         7      0.5      0.0      0.0      2.3      0.0      0.0      0.0      0.0      0.0      0.0      4.0      0.0
         8      3.2      0.0      0.0     49.5     18.4      0.0      0.0      0.0      2.1      0.0      0.0      0.0
         9      0.0      0.0      0.0     82.0      5.4      3.0      7.3      1.7      1.3      0.0      0.0      0.0
        10      0.0      0.0      0.0     17.0      0.0      0.0     66.3      3.4     17.4     11.0      0.0      0.0
        11      0.0      0.0      0.0     14.7      0.0      0.0     60.7      0.6     62.6      0.0      0.0      0.0
        12      0.0      0.0     13.5     23.8      0.0     54.0     42.6     35.0     11.3      0.0      0.0      0.0
        13     15.2      0.0      3.4      0.0      0.0     -1.0     46.0      1.0      0.0      0.0      0.0      0.0
        14      0.0      1.2      1.7      0.0      0.0      0.0      9.0      0.0      0.0      0.0      0.0      0.0
        15     67.1    106.0      0.0      0.0      0.0      0.0     12.1     48.0      0.0      0.0      0.0      0.0
        16      0.0     40.0      0.0      0.0      0.0      0.0     38.0     11.0      0.0     25.0      0.0      0.0
        17      0.0     32.4      0.0      0.0      1.8      0.0     17.0      0.0      0.0      3.0      0.0      0.0
        18      0.0     52.7      0.0      0.0      2.3     10.2      0.0      0.0      0.0      0.0      0.0      0.0
        19      0.0     22.9      0.0      0.5      0.0      0.0     25.1      0.0      0.0      0.0      0.0      0.0
        20      0.0      0.0      6.2      0.0      0.0      0.0      0.0     10.0      0.0      0.0      0.0      0.0
        21      0.0      0.0      0.0      8.0      0.0      0.0      0.0     29.0      0.0      0.0      0.0      0.0
        22      0.0      0.0      5.0      0.0      0.0      0.0     -1.0      0.0      0.0      0.0      0.0      0.0
        23      0.0      8.9      0.0      0.0      0.0     -1.0      0.0      6.0      1.3      0.0      0.0      0.0
        24      0.0     62.2      1.6      0.0      0.0      0.0      0.0      0.0      0.0      0.0      0.0      0.0
        25      0.0     52.2      0.0      6.0      0.0      0.0      0.0      0.0      0.0      0.0      0.0      0.0
        26      0.0     -1.0      0.0     84.0      0.0      0.0     12.6      5.0      0.0     12.0      0.0      0.0
        27      0.0      0.0      0.0      0.0      0.0     -1.0      0.0      0.0      0.0      3.2      0.0      0.0
        28      0.0      0.0      0.0      0.0      0.0      1.0      0.0      0.0      0.0      0.0      0.0      0.0
        29      1.0               0.0      0.0     15.7     -1.0      0.0      0.0      0.0      0.0      0.0      0.0
        30      0.0               1.6     29.0      0.0      0.0     13.7      0.0      0.0      0.0      0.0      0.0
        31      6.6               0.0               0.0               0.0     24.0               0.0               0.0
