  DAILY TOTAL RAIN
  MURREE 2001
              JAN      FEB      MAR      APR      MAY      JUN     JULY      AUG      SEP      OCT      NOV      DEC

       DATE -------- -------- -------- -------- -------- -------- -------- -------- -------- -------- -------- --------
         1      1.5      0.0      0.2     15.5      0.4      0.0     23.4      0.0      0.0      0.0     -1.0      0.0
         2      0.0      0.0      0.0      0.0     13.0      0.0      2.8      0.0      0.0      0.0     37.0      0.0
         3      0.7      0.0      0.0      5.0      0.0      3.6     12.7      0.0     61.0      1.0     19.0      0.0
         4      0.0      0.0      0.0     -1.0      0.0      0.9      0.0      5.0      1.6     12.0      1.0      0.0
         5      0.0      0.0      0.0      0.0      0.0      2.6      4.8      0.0      0.0      0.0      0.0      0.0
         6      0.0      0.0      0.0      0.0      0.0      1.4      0.0      1.0     14.0      0.0      0.0      0.0
         7      0.0      0.0      0.0      0.0      0.0      4.5     15.0      0.0      0.0      0.0      1.8      0.0
         8      0.0      0.0      0.0      0.0      3.4      3.6     16.4      4.1      1.0      0.0      0.0      0.0
         9      0.0      0.0      0.0      0.0      0.0      0.0      1.3      9.0      0.0      0.0      2.0      0.0
        10      0.0      0.0      0.0      1.0      0.0     16.9      0.0      0.0      0.0      0.0      0.0      0.0
        11      0.0      0.0      0.0     10.0      0.0      0.0     45.0      7.0      8.0      0.0      0.0      0.0
        12      0.0      0.0      0.0      2.6      0.0      0.0      1.0      0.0      6.0      4.2      0.0     -1.0
        13      0.0      0.0     13.5     10.1      0.0     -1.0      2.2      0.0      0.0      0.0      0.0      0.0
        14      0.0      0.0      4.2      4.0     -1.0     32.0      2.0     10.0     55.0      0.0      0.0      0.0
        15      0.0     -1.0      0.0      7.0      0.0     81.9      0.0     47.0      0.0      0.0      0.0      0.0
        16      0.0      0.0      5.0     40.0      0.0     11.1      2.5      1.0      0.0      0.0      0.0      0.0
        17      0.0     -1.0      0.0      6.0      0.0     19.5     29.0      0.0      0.0      0.0      0.0      0.0
        18      0.0      0.0      0.0     14.0      0.3      6.1      1.8      2.2      0.0      0.0      0.0     -1.0
        19      0.0      0.0      4.0      4.0      0.6      0.0      0.0      0.0      0.0      0.0      0.0      1.6
        20      0.0      0.0      8.0      1.0     35.0      0.0      2.0      2.0     10.0      0.0      0.0      0.0
        21      0.0      1.0      0.0      0.0      7.5      3.3     -1.0      4.2      0.0      0.0      0.0      0.0
        22      7.6      0.0      4.0      0.0      0.0     56.7      0.0      1.0      0.0      0.0      0.0      0.0
        23      5.0      2.0      0.0      0.0      0.0      0.6     38.0     20.0      0.0      0.0      0.0      0.0
        24      0.0      7.8      0.0     -1.0      0.0     42.9     17.0      7.0      0.0      0.0      0.0      0.0
        25      0.0      0.0      0.0      0.3      0.0      0.0      4.0      0.0      0.0      0.0      0.0      0.0
        26      0.0      1.8      0.0      0.0      0.0     15.3      0.0      0.0      0.0      0.0      0.0      0.0
        27      0.0      0.0      0.0      0.0      0.0     17.8      0.0      0.0      0.0      0.0      0.0      0.0
        28      0.0      0.0      6.0      0.4      0.0      0.3      1.0      0.0      0.0      0.0      0.0      0.0
        29      0.0              25.0      0.0     22.6      0.0     54.0      0.0      0.0      0.0      0.0      0.0
        30      0.0               8.0      0.0      0.0     21.0      7.0      0.0      0.0      0.0      0.0      0.0
        31      0.0      0.0      1.5               0.0              12.0     13.0               0.0               0.0
