




  MURREE 90

           JAN    FEB    MAR   APR   MAY   JUN   JUL   AUG   SEP    OCT    NOV    DEC
  DATE   __________________________________________________________________________
      1    0.0   11.3   11.4   0.0   0.0   0.0  25.2   4.0   0.0    8.0    1.0    0.0
      2    0.0    0.0    0.0   0.0   8.0   0.0   0.0  64.0   0.0    0.0    4.2    0.0
      3    0.0    0.0    0.0   0.0   0.0   0.0   0.0   4.0   0.0    0.0    0.0    0.0
      4    0.0    0.0    0.0   0.0   0.0   0.0  38.0   0.4   0.0    0.0    0.0    0.0
      5    0.0    0.0    0.0   0.0   0.0   0.0   0.9  28.9  16.2    0.0    0.0    0.0
      6    0.0    0.0    0.0   4.8   0.0   0.0   8.0  28.5   7.0    0.0    0.0    0.0
      7   18.7    3.3    0.0  53.2   0.0   0.0   0.0   5.8   0.0    0.0    0.0    0.0
      8    0.0   48.5    0.0  29.0   2.7   0.0   0.8  13.0   0.0    0.0    0.0    0.0
      9    0.0   13.3    0.0   0.0   0.0   1.0   1.5  27.0   0.5    0.0    0.0    0.0
     10    0.0    0.0   17.8   0.0   0.0   0.0   6.1  32.7   0.0    0.0    0.0    0.0
     11    0.0    0.0   40.7   1.0   0.0   0.0   0.0   0.0   0.0    0.0    0.0    0.0
     12    0.0    0.0   11.8   1.9   0.0   0.0   0.0   0.0   0.0    0.0    0.0    0.0
     13    0.0   14.0    0.0   8.7   0.0  21.5  10.5  14.0  16.0    1.0    0.0    0.2
     14    0.0   19.9    0.0   6.0   0.0   0.8   0.0  19.9   0.0    0.0    0.0    1.0
     15    0.0    0.0    0.0   0.0   0.0   0.0   0.6   0.0   0.0    0.0    0.0   49.0
     16    0.0    0.0    1.8   0.0   9.5   0.0   6.0  -1.0   0.0    0.0    0.0   81.8
     17    0.0    0.0   36.8  20.0   0.0   0.0   0.0   0.0   0.0    0.0    0.0   39.0
     18    4.6    0.0   19.7   0.0   1.0  -1.0   0.5   4.3   0.0   15.0    0.0    0.2
     19    2.0    0.0   10.0   0.0   0.0   0.0   0.0  92.0  15.0    0.0    3.0    0.0
     20    0.0    0.0   45.6   0.0   3.0   0.0   2.0   4.0   8.0    0.0    0.5    0.0
     21    0.0    4.0   27.0   0.0   0.0   0.0  36.0   1.4   0.0    0.0    0.0    0.0
     22    7.8    0.0   39.5   0.0   0.0   0.0  18.5   0.9   0.0    0.0    0.0    0.0
     23    0.0    0.0    0.0   0.0   0.0   0.0   0.0  14.5   0.0    0.0    0.0    0.0
     24    0.0   25.0    0.0   0.0   0.0   0.0   0.0   0.0   0.0    0.0    0.0   10.0
     25    0.0   13.8    1.3   0.0   0.0  46.0   2.0   0.0  44.0    0.0    0.0    0.0
     26    0.0   30.1    0.0   2.0   0.0   2.0 121.7   0.2   0.0    0.0    0.0    0.0
     27   10.5   21.2    0.0   0.0   0.0   0.0  28.0   0.0   0.0    0.0    0.0   15.0
     28   16.4    6.2    6.2   0.0   0.0   8.5  16.0   0.0   0.0    0.0    0.0   62.0
     29    0.0          11.0   0.0   0.0   0.0   0.0  11.0   0.0    0.0    0.0   79.0
     30    0.0          12.0   0.0   8.0   0.3   8.0  28.0  25.0    0.0    0.0   16.0
     31    0.0           6.0         2.8         0.0  20.0            2           0.0


