
  DAILY TOTAL RAIN   ( IN M.M )
  MURREE 2006
                JAN      FEB      MAR      APR      MAY      JUN     JULY      AUG      SEP      OCT      NOV      DEC

      DATE  -------- -------- -------- -------- -------- -------- -------- -------- -------- -------- -------- ------------
         1     17.5      0.0      0.0      4.0      0.0      4.0      0.0     11.2     42.1      0.0      0.0      0.0
         2     60.0      0.0      0.0        TR     0.0      0.0      0.0     11.0     32.0      0.0      0.0      0.0
         3     22.5      0.0      0.0      1.0      6.0      1.0     52.0     19.0        TR     0.0      0.0        TR
         4      5.0      0.0      0.0      0.0      0.0     28.0      0.0     10.0      0.0      0.0      0.0     11.3
         5      0.0      0.0      0.0      0.0      0.0      0.0      0.0     61.0      0.0      0.0      0.0     80.3
         6      0.0      0.0      0.0      0.0      0.0      4.0      3.0     20.2      0.0      0.0      0.0     40.8
         7      0.0      0.0      1.2      0.0      0.0      0.0      5.0      0.0      0.0      0.0      0.0      0.0
         8      0.0      0.0      0.0      0.0      0.0        TR     0.0     13.7      0.0      0.0      0.0      0.0
         9      0.0      0.0      0.0     13.3      0.0      0.0      0.0        TR     0.0      0.0      0.0      0.0
        10      0.0      0.0      0.0     25.9      0.0      0.0      6.0        TR     0.0      0.0      0.0      0.0
        11      0.0      0.0      0.0      0.0      0.0      0.0      0.0        TR     0.0      0.0     10.0     25.0
        12      0.0        TR     0.0      0.0      0.0        TR    42.0      0.0     30.0      0.0     15.0      0.0
        13      0.0        TR     0.0      0.0      0.0        TR    57.5     10.0     19.3     14.0     19.0      0.0
        14      0.0      1.0     13.4      0.0      0.0      0.0        TR     0.0      0.0      0.0      1.7      0.0
        15      2.1     26.0      5.0      0.0      0.0      4.0     10.0     21.5      0.0      8.0      0.0      0.0
        16     44.8      1.0      1.0      0.0      0.0     58.0      0.0      0.0      0.0      0.0        TR     0.0
        17     32.2        TR     0.0      2.0     20.0      9.0      0.0      1.1      0.0      0.0     12.2      0.0
        18      6.9      0.6      0.0      0.0      0.0      0.0      0.0      0.0      0.0      0.0      6.6      0.0
        19      0.0        TR     0.0      0.0     11.3      5.0        TR     0.0      0.0      0.0      0.0      0.0
        20      0.0      0.8      8.0      0.0      0.0      0.0     47.4      1.0      9.0     22.6      0.0      0.0
        21      0.0      0.0      7.0        TR     8.3      0.0      1.0     17.0        TR     2.8        TR       TR
        22      0.0      0.0      0.0      0.0      0.0      0.0      2.6     33.1      6.5      0.0      6.0      2.5
        23      0.0      0.0      0.0      0.0      9.5      0.0      0.0      8.0      0.0      0.0      3.1      0.0
        24      0.0      0.0      0.0        TR     0.0      0.0    104.0      3.0      0.0      0.0        TR     0.0
        25      0.0      6.0     11.0      0.0      0.0      0.0     12.1      0.0      0.0      0.0      0.0      0.0
        26      0.0     34.7      6.0      0.0      0.0      8.0      3.1      0.0      0.0      0.0      0.0      4.7
        27      0.0     10.0      0.6      0.0      0.0     12.5     17.0      8.1      5.0      3.0      0.0      7.6
        28        TR     0.0        TR     0.0      0.0        TR    10.0     17.0      0.0      0.0      0.0      0.0
        29      1.0               0.0      0.0      0.0      1.0      0.6      1.2      0.0      0.0      0.0      0.0
        30      0.0     80.1      0.0      0.0      0.0      4.0      2.7     44.0      0.0      0.0      0.0      0.0
        31      0.0               0.0               0.0               0.0      0.0               0.0               0.0
