FREE
COL
MURREE    PH3 1
1994 1 1 0 1 31 12 1 0
      31     28     31     30     31     30     31     31     30     31     30     31
     0.0    0.0    0.0    0.0    1.3    0.0    0.0    5.0    2.0    0.0    0.0    0.0
     0.0    0.0    0.0    0.0    1.0    0.0   -1.0    1.5    0.0    0.0    0.0    0.0
     0.0    0.0    5.0    0.0    0.0    0.0   24.0    3.1    0.0    0.0    0.0    0.0
     0.0    0.0    6.0   28.0    0.0    0.0   39.0    8.0   -1.0    0.0    0.0    0.0
     0.0    0.1    0.0   74.0   12.0    0.0    8.0   40.0    2.0   22.0    0.0    0.0
     0.0   48.0    0.0   40.0    0.0    0.0    0.0   11.0    8.0   12.8    0.0   22.0
     0.0    3.0    0.0    0.0    0.0    0.0    0.0   26.0    0.0   -1.0    0.0   20.0
     5.0    0.0    0.0    0.0    5.0    0.0   -1.0   52.0    0.0    0.0    0.0   80.0
     0.0    0.2    0.0    0.0   13.0    2.6   13.0   32.0    0.0    0.0    0.0   11.0
     0.0    2.0   -1.0    0.0    0.0    5.0    1.0   28.0    3.0    0.0    0.0    0.0
     0.0    0.0    0.0    0.0   -1.0    1.0   35.0   23.0    7.0   20.0    1.0    0.0
     0.0    0.0    0.0    0.0    0.0   14.0    2.0    0.0    0.0    7.0    0.0    0.0
    11.4    0.0    0.0    0.0    7.0    7.0   10.0    0.0    0.0    0.0    0.0    0.0
    18.0    0.5    1.0    5.0   18.0    0.0   12.0    1.0    0.0    0.0    0.0    0.0
     1.0   18.0    0.0   27.6   11.0    0.0   16.0   23.0    1.0    0.0    0.0    0.0
     3.0    0.0    0.0    0.0    0.0    0.0    1.0   10.0    0.0    0.0    0.0    0.0
     0.0   11.0    0.0   12.5    0.0    0.0    0.0   54.0    0.0    0.0    0.0    0.0
     3.0    5.0    1.0    0.0    0.0    0.0   90.0    5.0    3.0    0.0    0.0    0.0
     8.0    3.0    6.0    0.1    5.0    0.0    9.0   -1.0    0.0    0.0    0.0    0.0
    10.0    0.0   31.0    0.4    0.0    0.0   40.0    0.0    0.0    0.0    0.0    0.0
     3.6    0.0   21.0    0.0    0.0    0.0   17.0    1.0    0.0    0.0    0.0    0.0
     0.0   37.0    8.0    3.0    0.0    0.0    4.0    0.0    0.0    0.0    0.0    6.0
     0.0   29.0    0.0   10.0    0.0    0.0    6.0   27.0    6.0    0.0    0.0   11.0
     0.0    0.0    0.0    1.0    1.6    0.0  121.0   23.0    0.0    0.0    0.0    0.0
     0.0    0.0    6.0    0.0    2.0   17.0    0.0    0.0    0.0   -1.0    0.0   19.0
     0.0    0.0    1.0    0.0    0.0   28.0    4.0    7.6    0.0   51.0    0.0   10.0
    28.0    0.0    0.0    0.0    0.0    0.0    0.0   22.0    0.0   14.0    0.0   15.0
     0.0    0.0    0.0    0.0    0.0   13.0   -1.0    8.0    0.0    0.0    0.0  117.4
     0.0    3.3    0.0    7.0    0.0    0.0   28.0    0.0    0.0    0.0    0.0   75.4
     0.0    0.0   15.0    4.0    0.0    4.0    0.0   -1.0    0.0    0.0    0.0    1.0
     0.0    0.0   19.0    0.0    1.0    0.0   27.0    2.0    0.0    0.0    0.0    0.0

