




  MURREE 83

           JAN    FEB    MAR   APR   MAY   JUN   JUL   AUG    SEP    OCT    NOV    DEC
  DATE   __________________________________________________________________________
      1    1.1    0.0   14.4   0.0   0.0   0.0  45.4  -1.0   22.5    3.4    0.0    0.0
      2    0.0    0.0   17.3   0.0   0.0  11.8   0.0   7.0   13.0    0.0    0.0    0.0
      3    0.0    0.0    0.0   3.7   0.0  14.6  24.2  -1.0   19.5    0.0    0.0    0.0
      4    0.0    0.0    0.0   6.0  -1.0   0.0   8.0  49.8    0.0    0.0    0.0    0.0
      5    0.0    0.0    2.4  18.3   2.1   0.0   5.9  11.6    0.0    0.0    0.0    0.0
      6   -1.0    0.0    0.0   0.0   0.0   0.0   0.0   9.2    0.0    0.0    3.2    0.0
      7    2.1    0.0   -1.0   0.0   0.0   3.2   4.6  18.8   -1.0    0.0    0.0    0.0
      8    2.6    0.0    1.8  30.0   0.0   6.1  14.0  23.1    0.0    0.0    0.0    0.0
      9    0.0    0.0    0.0   5.5   0.0   0.0   9.3   9.1    0.0    0.0    0.0    0.0
     10    1.5    0.0    1.6   2.4  48.2   4.9  34.3   3.3   -1.0    0.0    0.0    0.0
     11    0.0    0.0    0.0   5.6   2.2   0.1  -1.0   4.2    0.6    0.0    0.0    0.0
     12    0.0    0.0    0.0   6.5  11.8   0.0   5.5  12.5    0.0    0.0    0.0    0.0
     13    0.0    0.0    0.0  65.2   0.0   3.6   0.0   0.0    0.5   12.0    0.0    0.0
     14    0.0    2.3    0.0  15.9   0.0   0.0   0.0   0.0    0.0   35.7    0.0   -1.0
     15   15.1    6.9    0.0  26.4   0.0  -1.0   0.0  13.5    0.0    1.6    0.0   -1.0
     16   20.7    8.1    0.0   7.9   0.0  10.8   0.0   0.0   24.0    0.0    0.0    0.0
     17    0.0    0.0    0.0  11.3  -1.0   1.1   0.0   0.0    0.0    0.0    0.0    1.6
     18    0.0    0.0    3.2   0.0  -1.0   0.6   3.6   6.9    0.0    0.0    0.0    0.0
     19    0.0    0.0   22.8   0.0   0.0   0.0   0.0   7.0    0.2    0.0    0.0    0.3
     20    0.0    0.0   39.6   0.0   7.0   0.0  -1.0   6.0    0.2    4.5    0.0    0.0
     21    0.0   -1.0   22.7   0.0   8.0   0.0   0.2   3.8    0.0    0.1    0.0    0.0
     22    0.0    0.0   18.4   0.0   2.1   0.0   5.2  27.0    0.0    0.0    0.0    2.8
     23    0.0    4.0    0.0   0.0   0.0   0.0  12.5   3.0    0.0    0.0    0.0    3.4
     24    0.0   11.1    0.0   0.0   0.0   0.0   8.5   1.9    0.0    0.0    0.0    0.0
     25    0.0    6.9   10.0   0.0   0.0   0.0  26.7   2.4    1.2    0.0    0.0    0.0
     26    0.0   19.2   22.2   0.0   4.1   0.0   2.5 103.3    0.0    0.0    0.0    0.1
     27   32.2    0.0    1.2   6.8   0.0   5.1  21.4  13.2    0.0    0.0    0.0    0.0
     28  118.5    0.0    2.3   0.0   0.0  -1.0   1.4   4.8    0.0    0.0    0.0    0.0
     29   55.2           0.0   0.0   7.8   0.0   0.0   3.4    0.0    0.0    0.0    0.3
     30   48.3           0.0   4.1   0.0   0.0   3.4   0.0    0.0    0.0    0.0    0.0
     31   13.8           0.0         0.8         1.0   0.0           0.0           0.0


