




  MURREE 86

           JAN    FEB    MAR   APR   MAY   JUN   JUL   AUG    SEP    OCT    NOV    DEC
  DATE   __________________________________________________________________________
      1    0.0    0.0    0.0  -1.0   1.2  21.0   4.6  39.0    0.0    0.0    0.0    0.0
      2    0.0    0.0    0.0   2.3   3.7   0.0   0.7  21.3    0.0    0.0    0.0    0.0
      3    0.0    0.0    0.0   0.0   0.0  -1.0   0.0  28.4    0.0    0.0    0.0    0.0
      4    0.0    7.4    0.0   0.0   7.6   2.9   0.0 180.3    0.0   -1.0    0.0    0.0
      5    0.0    0.0    0.0   0.0   0.0  -1.0   0.0  18.0    0.5    0.3    0.0    0.0
      6    0.0    0.0    0.0   0.0   0.0   2.0   0.5   2.1    0.0    0.0    0.0    0.0
      7    0.0    0.0    0.0   0.0   0.0   0.0   7.7   0.0    5.6    0.0    0.0    0.0
      8    0.0    0.0    0.0   0.0   1.6  -1.0  20.0   5.1    0.0    0.7    0.0    0.0
      9    0.0    0.0    0.0   0.0  10.0   0.0   1.7   0.3    0.0    0.0    0.0    0.0
     10    0.0    3.4    0.0   8.4   0.0   0.0   4.7  24.0   31.6    0.0    0.0    0.0
     11    0.0   19.5    9.6   0.0  31.6   0.0   0.0   0.0    7.0    0.0    0.0    4.5
     12   -1.0    7.9    1.6  -1.0   0.0   0.0  46.7   0.0    0.0   15.6    0.0   38.9
     13    1.0   10.0   31.9   1.7   0.0   6.5   0.0   0.0    0.1   38.0    0.0   40.1
     14    0.0   17.0   45.7   0.0   0.0   0.0   0.0   1.7   13.0   14.0    0.0   16.7
     15    0.0    0.0   16.6   1.6   0.0   0.0   0.0   1.6    0.8   11.6   70.0    3.5
     16    0.0    0.0    0.4   0.6   0.0   0.0   0.2   2.0    0.0    3.2    6.2    1.0
     17    0.0    0.0    0.1  -1.0   0.0   5.6  73.6   0.0    0.0   39.7    0.0    0.0
     18    0.0   17.0   23.7   0.0   0.0   5.6   9.1   2.8    0.0    0.0    0.0    0.0
     19    0.0    0.0   21.1   0.0   2.0   0.0  14.1  46.2    0.0    0.0    0.0   14.2
     20    0.0    0.0    0.0   0.0   2.0   0.0   1.0  20.0    0.0    1.6    0.0    0.0
     21   -1.0    7.9    1.6   0.0   0.0   0.0  10.0   9.0    0.0    0.0    0.0    0.0
     22    0.0    7.9  185.6   0.0   0.0   0.0  20.6  -1.0    0.0    0.0    0.0    0.0
     23   51.5    0.0    0.0   0.0   3.6   7.2   0.0   0.1    0.0    0.0    0.0    0.0
     24    0.0    0.0    0.5   0.0   0.0  10.2  18.5   0.0    0.0    0.0    0.0    0.0
     25    0.0    0.0    0.5  17.8   0.0  13.8   0.0  13.1   31.9    0.0    0.8    0.0
     26    0.0    0.0    5.7  49.6   0.0   0.0   0.0  27.6    0.3    0.0   10.9    0.0
     27    0.0    0.0   13.2  27.9   0.2   9.1  59.1  61.0    2.5    0.0   15.3    0.0
     28    0.0    0.0   47.5   0.0   4.5   0.0   6.1   0.0   15.2    0.0    2.0    0.0
     29    0.0           8.5   0.0  20.5  30.0   0.0   0.0    9.1    0.0    0.7    0.0
     30    0.0           0.0  19.2  12.0  29.7   1.7   0.0    2.1    0.0    0.6    0.0
     31    0.0           0.0         0.0        23.1   0.0           0.0           0.0


